"ToeTip.X"	"ToeTip.Y"	"KneeElbow.X"	"KneeElbow.Y"	"HipShoulder.X"	"HipShoulder.Y"	"AnkleWrist.X"	"AnkleWrist.Y"	"MetaPhalJoint.X"	"MetaPhalJoint.Y"	"Costal1.X"	"Costal1.Y"	"Costal2.X"	"Costal2.Y"
520.874669142354	458.725457877435	412.944923985109	501.1123210628	421.567788434734	580.436309639326	421.050698504726	496.382439386953	461.298674293866	483.451338918291	422.265952207614	611.706289639732	352.84372693863	600.568993850917
521.260072063274	458.56432359365	413.123541871035	501.075784896316	422.18757630076	580.401601216706	421.057879480699	496.44898045654	461.126077339714	482.89045888508	422.928738592508	611.497743804119	353.595624593192	600.655040174984
521.572016574962	458.432411444353	413.318150738246	501.067523091977	422.873165083605	580.372064285802	421.095538386382	496.517030286287	460.970806708543	482.376248198084	423.651153730638	611.300018183534	354.360021187657	600.758392628777
521.814461155151	458.327026190229	413.529411407547	501.086454057058	423.622731464234	580.347090891303	421.161998461107	496.587990212354	460.83146535786	481.910062956036	424.431910907374	611.114126790428	355.136623918889	600.877821373627
521.991282190972	458.245524753176	413.757984244259	501.131567748976	424.434590657597	580.326069513705	421.255658350559	496.663169614223	460.70666681873	481.493259477037	425.269848624818	610.94106542285	355.92509344269	601.012115099611
522.105996439681	458.185492567628	414.004527618283	501.202167578457	425.30766478078	580.308373019194	421.375247047372	496.743475019314	460.595070943819	481.12719504022	426.16435394577	610.781750083554	356.724886523614	601.160143669206
522.162022203925	458.144577627094	414.269699353239	501.297642769231	426.241042100333	580.293369999279	421.519583982103	496.829702667653	460.495350267097	480.813227187818	427.114964110569	610.637074930017	357.535404107623	601.320799167171
522.16315094685	458.12019081505	414.554159343244	501.417057298443	427.233181146743	580.280445247253	421.687145809473	496.923066808129	460.406129258138	480.552712464872	428.120647159945	610.508016917208	358.356258703082	601.492889451856
522.114965103567	458.108605012895	414.858577419695	501.557914132546	428.279518052248	580.269061316346	421.874764042462	497.026787909923	460.325801702993	480.347002630443	429.177639279178	610.395950384032	359.188078205389	601.674818139637
522.023583761954	458.105752107319	415.183626391627	501.717248491589	429.374583307677	580.258704060033	422.078777238339	497.144687592699	460.252692264936	480.197448009504	430.281358071346	610.302368742832	360.031794763875	601.864867718483
521.895014114875	458.107764799663	415.529882944783	501.892140043916	430.512477123785	580.249080513423	422.295251066428	497.280562644522	460.184832483792	480.104850548248	431.426493230405	610.228622840797	360.888709629992	602.061513635784
521.734674148352	458.111832612117	415.897418057356	502.079902759854	431.685036897518	580.241061325296	422.518816016863	497.43807862387	460.118711844807	480.067127173523	432.603905724582	610.175313372866	361.762065602573	602.264246617407
521.547788768647	458.1154913811	416.286136990026	502.27792738917	432.883358514519	580.235898454063	422.743632279656	497.620858086026	460.050314510649	480.081249407621	433.803201870293	610.142795213317	362.655741714566	602.47289009025
521.339194870025	458.116550265404	416.695887400225	502.483856780956	434.098995412299	580.235113133295	422.964139815909	497.832404561559	459.975360799402	480.143555485046	435.014353011029	610.131458733323	363.573441235595	602.68737320147
521.111490408728	458.114394866457	417.126185017365	502.696788631046	435.326144475825	580.241779561711	423.17639498501	498.075534720766	459.888049824176	480.246731502371	436.229441607531	610.141900013225	364.517850808686	602.908234196028
520.866471791259	458.108975159135	417.57642673915	502.916341476853	436.559948955967	580.259527906437	423.377032824097	498.352819334915	459.782036099958	480.382156074597	437.441305909872	610.174788778158	365.491293120034	603.136229378599
520.605576057215	458.10050543901	418.045693442471	503.142624093437	437.796113680048	580.292163299659	423.562768567172	498.666463606599	459.651484540956	480.541444372791	438.643563152908	610.230972935444	366.495699044919	603.372153593508
520.327968357238	458.090871218738	418.531063427552	503.378849109331	439.033896182223	580.344595654506	423.730821227572	499.01635705738	459.49380031473	480.717721831274	439.834763154971	610.312429452788	367.530518355487	603.617044266132
520.03192626215	458.082610920776	419.028832629518	503.629441764144	440.273941965407	580.422166499069	423.878606634751	499.401484520344	459.30765448852	480.904703912849	441.015382792287	610.421576398332	368.594231508432	603.872033593229
519.715642492551	458.078391433995	419.535335533897	503.898689696297	441.517423156798	580.53027046457	424.00387539231	499.820398954638	459.09213069205	481.096552841021	442.186712822943	610.561051285297	369.685652365383	604.138314891256
519.376732259448	458.081765095867	420.047188017901	504.189901480542	442.769162274934	580.674665600032	424.106709642077	500.268655962591	458.849169443726	481.290537060364	443.355689069398	610.735014950885	370.805935473914	604.417506202146
519.012564843821	458.096661308431	420.561125788209	504.505968761487	444.035536342135	580.861264714425	424.18818440162	500.740534734751	458.581927855973	481.485247786623	444.531651281009	610.948276933407	371.957232152856	604.711406435392
518.620656333533	458.126877253991	421.074357516873	504.849379142719	445.323035363654	581.095762715113	424.250069391501	501.230504742498	458.29383496907	481.679404584969	445.72432905962	611.205428268507	373.141918979687	605.02194524053
518.199658039998	458.175183272471	421.587723304497	505.219526933481	446.638973495931	581.382175498128	424.299445065129	501.73453405013	457.990375093295	481.872675847074	446.94637983313	611.509362334288	374.364075382429	605.352051893692
517.748747625032	458.243873604707	422.103746976336	505.614372226185	447.991047016012	581.723740479974	424.34585421592	502.24928554984	457.67798547211	482.065169891361	448.211818526313	611.862185383948	375.628570321761	605.705119151401
517.267758064806	458.334811318326	422.625312422872	506.031876340546	449.386833067127	582.122997797663	424.399218172512	502.771687597851	457.363065774999	482.257085297636	449.534146561485	612.26543532356	376.940271670054	606.084323130865
516.762059632499	458.446222171723	423.158281205121	506.470077678424	450.832879921907	582.576605845574	424.472556500151	503.300889290962	457.051652480187	482.449366260369	450.922444079681	612.715862989075	378.304001363674	606.490979751365
516.239814925235	458.574497716883	423.710016450786	506.927053512324	452.335217018614	583.078256998606	424.580451129303	503.837159591327	456.749598917397	482.643332969338	452.383561677522	613.20780521364	379.72455817458	606.925466879695
515.709638135855	458.715690786668	424.288001676479	507.400999003296	453.899457946054	583.621245983459	424.737293085233	504.380849431593	456.462641508173	482.840319409332	453.92357818711	613.735404450928	381.206390011292	607.387803918303
515.184185982984	458.862803402072	424.900743605076	507.891214253817	455.527346096288	584.195344414114	424.955567155282	504.932999413108	456.19543132432	483.041762139793	455.541480965941	614.291150339946	382.750649566035	607.874709450695
514.678330129747	459.007166010596	425.557309585462	508.397604775963	457.218504337861	584.788393552208	425.246713677988	505.495028014315	455.952024762536	483.249153921942	457.232371874301	614.8666269243	384.356684045652	608.381093505251
514.206318278865	459.140402748953	426.266687020388	508.920147035231	458.972034749793	585.388293151202	425.621656762926	506.068356627157	455.736492490269	483.46403059947	458.990945638116	615.453511216071	386.023360290308	608.901813593984
513.775651143484	459.25738069035	427.036969256158	509.459493109784	460.781832222167	585.98375955544	426.086045913308	506.65439665826	455.553117626672	483.688371523402	460.808064274053	616.044547023502	387.744726046459	609.431372566314
513.389816416137	459.354895763947	427.875717866066	510.016696923308	462.638694477602	586.563994806775	426.642393365885	507.254553575112	455.406309654376	483.92441983709	462.672310153746	616.633112671162	389.511962727035	609.964062323019
513.050921593029	459.430089534926	428.790188933443	510.592755382959	464.533253526084	587.118605537133	427.292716166511	507.87000441797	455.300327035404	484.174316491665	464.572387527413	617.212674439067	391.316267976576	610.494303759284
512.745647229692	459.483824621985	429.784169092176	511.187940710911	466.454691805769	587.641826960392	428.033757777995	508.499271674901	455.237653162364	484.438973840407	466.498768456192	617.777623399653	393.149469430605	611.018049807744
512.450721016705	459.519364323511	430.859206621673	511.802057590641	468.391256547175	588.130880472334	428.858859351503	509.139165219654	455.219626221793	484.718511592822	468.443065524396	618.322947265628	395.003801170436	611.5322418123
512.142440400649	459.540098582111	432.01655319397	512.434729262449	470.331479893462	588.583275252363	429.761198178337	509.786377762391	455.24746828261	485.012878613567	470.397186276251	618.843841057944	396.871810779778	612.033911956829
511.793665339461	459.550543820567	433.254088806083	513.083320999153	472.267801356477	588.999615354771	430.732558226647	510.43644969468	455.321139729813	485.319974064156	472.356626425973	619.338066108045	398.750034204394	612.521059406017
511.374851861236	459.556004240063	434.567335550456	513.743619015142	474.195392977876	589.382669164516	431.763749075593	511.084115560181	455.439718618315	485.636263692626	474.319390993212	619.805178438504	400.637796560737	612.992359560672
510.857590587287	459.561728584409	435.95161232379	514.411192873282	476.10974624792	589.735211463989	432.845658884388	511.724117768759	455.602361420007	485.9582846081	476.283684916352	620.244948492224	402.534632519157	613.446540895813
510.230768772149	459.571919225261	437.399976263446	515.078920310122	478.01020052151	590.059461675098	433.970615940399	512.351555230285	455.809634754871	486.284046188099	478.249881630252	620.659741298968	404.442302114331	613.882904558192
509.49637789341	459.589985784956	438.903770959498	515.737639688885	479.899010361139	590.357218469214	435.13203959654	512.961796945086	456.063173595036	486.612673225682	480.219997459526	621.053887591562	406.364251354739	614.301185560394
508.658073710662	459.619175263958	440.454361699293	516.378209054092	481.778647842014	590.630295966337	436.323571485551	513.550291201266	456.364552502268	486.94342240908	482.196085391811	621.431816387294	408.303963177009	614.701130453428
507.741607630309	459.660375975154	442.044173267085	516.992646071555	483.653980515976	590.880935433445	437.542074145397	514.113683947573	456.713911915701	487.277270036239	484.180130776021	621.798773650721	410.264839615625	615.082498552647
506.790858462353	459.712541149742	443.666499664855	517.573919767478	485.531841198525	591.111728571501	438.787052564356	514.649603700858	457.110215711499	487.616603183411	486.174063469845	622.160675574925	412.250216332457	615.445059645346
505.849955290796	459.774473098059	445.31460605354	518.115150713979	487.418957999024	591.325347959171	440.058213893453	515.155738422953	457.552185142386	487.963700998599	488.179564821983	622.523333727276	414.263181291557	615.788596526106
504.957676085526	459.843217099504	446.980735410789	518.611773213219	489.319007514243	591.525788116877	441.35759098009	515.630346050523	458.034645211448	488.318037902734	490.193688530277	622.890227120406	416.302216040041	616.113130014477
504.148046382158	459.914257978236	448.6562228923	519.061276438496	491.232956229986	591.718217608651	442.689282170353	516.072190726579	458.548960582505	488.676597381068	492.209378380865	623.262763177204	418.361711071611	616.418892324864
503.454097122111	459.983080322156	450.332573820364	519.461386334059	493.161514462734	591.907847759137	444.057470491267	516.480123814858	459.086501906087	489.036181589831	494.21935280625	623.642220915225	420.435732752848	616.706133252919
502.891074764021	460.046326764142	452.005619009045	519.813374221263	495.101919592148	592.099931703326	445.466615204492	516.854489617977	459.641347424842	489.391561160793	496.214561438325	624.028670088086	422.514446622854	616.975322017087
502.457130561592	460.101753099402	453.67534711997	520.12191938946	497.048070662588	592.299762766109	446.921441100228	517.197067515211	460.210178034681	489.735553937594	498.184253662243	624.421018053225	424.584268578644	617.227138754383
502.149377084085	460.147217659319	455.342176096686	520.391894606221	498.993729968478	592.512607887231	448.426748814606	517.509778896452	460.789971188323	490.061020169426	500.117791693312	624.818131148674	426.631583324139	617.462246341634
501.956342813623	460.182000604705	457.012979129355	520.629548013851	500.932617284491	592.74304149937	449.988948586584	517.796620989289	461.382433429612	490.363821281851	502.009027482354	625.219023989949	428.645754021576	617.680670015201
501.857626035207	460.206861253886	458.701344929994	520.84255858444	502.858408151157	592.994917606279	451.616125157056	518.063750556682	461.994191070247	490.642940884093	503.85648374162	625.622865448589	430.619242382811	617.881771661349
501.832451565251	460.222642238481	460.421185446409	521.038592149744	504.764918447937	593.271993173756	453.316371084287	518.317408448635	462.632187413055	490.897626357453	505.659095462523	626.028819245133	432.544899770317	618.064859008501
501.861281223897	460.230598476741	462.186701782366	521.223016887927	506.650060670091	593.576200122975	455.095757268121	518.563357251152	463.305884493301	491.130524488355	507.421391687517	626.435693962901	434.422629933517	618.228571737296
501.92596966446	460.232449110653	464.012420623529	521.398613880545	508.516359992908	593.907415423581	456.958078274996	518.806821037748	464.027580371737	491.348109702637	509.154200211189	626.841898310182	436.260277421268	618.370797324411
502.008578228258	460.229931365975	465.912772155574	521.567964299841	510.366695036989	594.265291490737	458.906883547352	519.05290163749	464.809634467341	491.557000251141	510.868745882051	627.245817157043	438.066222791875	618.489404936107
502.095647691911	460.224556409533	467.898333662668	521.731554956666	512.207577601513	594.645591925576	460.941537321732	519.3035366141	465.661363164997	491.761771812147	512.578318836449	627.645750569867	439.852649661212	618.583001948147
502.179178853927	460.21755986299	469.974986094474	521.887319826914	514.04994799801	595.039340220653	463.056302451517	519.556806581295	466.588373669383	491.964510354824	514.298726607678	628.039895247105	441.636377224439	618.651095546145
502.25158425106	460.210152002527	472.148235623153	522.033004816431	515.905046149363	595.437205225105	465.245136374621	519.810454760006	467.595947218236	492.167094530001	516.045892425566	628.426394128848	443.43447091372	618.69324913555
502.308533932351	460.203194653412	474.419955115602	522.16501166177	517.785369993044	595.827140895091	467.502148207794	520.058047455159	468.68528768346	492.369128837377	517.834253307861	628.801475972586	445.262597170374	618.709094041361
502.349997629086	460.197089710739	476.787221736734	522.277967892565	519.705077955432	596.193517723036	469.821647272953	520.287637742567	469.852217106923	492.567216060501	519.676284579123	629.158842952256	447.134575868294	618.698351237511
502.376261111053	460.192203483738	479.246712214652	522.366342676476	521.678388030903	596.520467196066	472.197975147989	520.486870684648	471.092205335167	492.757725633844	521.584263142445	629.491988314599	449.064044061423	618.660727215991
502.388669328273	460.188702249052	481.791585607201	522.422805858938	523.71688221091	596.792426644609	474.626377546674	520.641897940413	472.401510752608	492.935667910568	523.567339715746	629.792651475951	451.06188891527	618.594923652121
502.390081800764	460.186466247623	484.409970895489	522.437454352673	525.828373146401	596.994270738354	477.103393047805	520.736735683398	473.777519309843	493.094109831633	525.630194742531	630.050063970768	453.135065404765	618.498205388143
502.383470165615	460.185353063508	487.089582966545	522.400197296583	528.020331511454	597.110963135123	479.625640610743	520.755286153483	475.217746290183	493.225953782899	527.777137088736	630.253269980588	455.290179143612	618.367701809901
502.371544328329	460.185180736356	489.816501596344	522.301549811847	530.297102423276	597.130788744696	482.188596297168	520.684469448234	476.722263955001	493.323196427721	530.01080837607	630.391644756059	457.531018574655	618.199044969649
502.356608510452	460.185706011983	492.574272138722	522.132966292181	532.658186385935	597.047180417385	484.785964677345	520.515883344626	478.295107881669	493.376430559568	532.33126599768	630.455076704952	459.85700552591	617.985546052576
502.340924782464	460.186680839014	495.346270839089	521.886020942688	535.102622488546	596.854064118515	487.411301211844	520.241592748174	479.940629782964	493.376148607979	534.738322614952	630.433531585915	462.267185984405	617.720320889779
502.326207523239	460.187893061608	498.119566716953	521.555233779899	537.626076617628	596.549162412724	490.058408771997	519.858551454941	481.661309175366	493.314383275059	537.23009707629	630.319482618837	464.760589461208	617.396809266564
502.313250291672	460.189190874177	500.887437359057	521.140077538223	540.218543379923	596.13658099058	492.721506194558	519.371932828414	483.45647789931	493.185756884025	539.801860465378	630.109618754468	467.336217766771	617.008995624212
502.302755039736	460.190428666949	503.643813742172	520.640521106797	542.869453999732	595.621067788159	495.394878587501	518.787719360031	485.325134857226	492.985171066276	542.448579508833	629.80106288545	469.993039372175	616.550947901567
502.295096334852	460.191501024849	506.38832315035	520.058629912294	545.566303372428	595.010345657759	498.075388880896	518.113977440321	487.263227322563	492.710564974633	545.162153363275	629.393856655702	472.727027034367	616.01978949654
502.290051230376	460.192375892688	509.13098927673	519.400295800993	548.293052372713	594.31756701236	500.764604823515	517.36257681283	489.261132998578	492.365421584198	547.928882520951	628.893368762403	475.528685991056	615.418220367576
502.287332685144	460.193029164238	511.882931988987	518.671835736184	551.033295767445	593.556472616773	503.464591607444	516.545796958824	491.308625332189	491.953824776559	550.734458733905	628.305553578562	478.387909068377	614.749557967307
502.286587645852	460.193455253085	514.653933665017	517.881904466496	553.77193345291	592.742177643669	506.176989078396	515.676567061626	493.393972189019	491.481284382141	553.562886938324	627.638815224041	481.290599834062	614.02025717724
502.287332154316	460.193685298398	517.45112438366	517.043792668201	556.496453452481	591.892522774895	508.902593602157	514.769104691341	495.50245580301	490.956137948501	556.3948270429	626.906415770791	484.214750986958	613.24299453362
502.289067148313	460.193754770483	520.28128633436	516.171343731493	559.194655363429	591.025662958049	511.642083060811	513.837776265288	497.619006868273	490.387059162076	559.210551303017	626.122192741249	487.137425220193	612.43118246687
502.291351961027	460.193699860173	523.144741266106	515.279585329311	561.855548981096	590.158499269146	514.392647753288	512.896408308116	499.728600268612	489.7832627753	561.991514115848	625.300542856611	490.036067180781	611.598749791549
502.293871871865	460.193558312327	526.027877160328	514.386099375367	564.470754235338	589.305228455397	517.143956018777	511.957662913199	501.816306195419	489.155130502505	564.721719501772	624.457068908398	492.888945307338	610.760739050701
502.296328791779	460.193368053528	528.915255586506	513.508791177893	567.032230068144	588.47968612134	519.884688773232	511.034045468519	503.867212588433	488.513195883118	567.385511161616	623.607522837374	495.674445245887	609.93233185669
502.298490498933	460.193161466999	531.787826384351	512.663140144743	569.531767805267	587.693203348261	522.601182358832	510.136657023525	505.867854391567	487.86798695254	569.969376876914	622.765549770698	498.373663056905	609.127126836934
502.300279445347	460.192957918659	534.618058084498	511.858929019786	571.960765164638	586.951229925895	525.274267430421	509.273300864576	507.80816450219	487.230018821249	572.464839305099	621.939847472779	500.974059580138	608.355005346107
502.301640332483	460.192774897724	537.377204811411	511.105117062551	574.310561903301	586.258368068453	527.88398441864	508.451303478456	509.678565895496	486.609800550144	574.864143652572	621.138401992778	503.464010445444	607.625311123005
502.302548570808	460.192625482264	540.0372764515	510.407777980272	576.571836154473	585.617370877658	530.410044033264	507.676281928598	511.470717651914	486.016015928175	577.159793032067	620.368195540722	505.832821198273	606.945390360576
502.303058174938	460.192511459384	542.572217373211	509.765599491623	578.733572529465	585.026258384321	532.831313015802	506.94947776207	513.179442842052	485.452676696669	579.344950704889	619.633640855158	508.072177637564	606.317476244189
502.303235560367	460.192432833343	544.95628050089	509.176103833213	580.784490582725	584.482303502029	535.126527182964	506.271442184022	514.800064660137	484.923056326649	581.412885365898	618.938744953028	510.174141910571	605.742994322217
502.303149118995	460.192388110297	547.166417102758	508.636437458619	582.71493619322	583.982336836924	537.276151429961	505.642581438641	516.328742521947	484.429373035816	583.357895041324	618.287172794474	512.131490212582	605.222461897475
502.302872763341	460.192371611812	549.187115627114	508.142697161149	584.519797989589	583.521953514788	539.265480420419	505.062896856223	517.763971628726	483.970897443376	585.177152949099	617.681633885541	513.938993261772	604.753859305424
502.302481358054	460.1923769346	551.004172422539	507.690798323753	586.194752262316	583.096535232228	541.080646636557	504.532319668144	519.104652303679	483.546389648956	586.868330954922	617.12467180734	515.591768179436	604.334726900514
502.302042312002	460.19239790821	552.606953196406	507.277423775653	587.736548254148	582.702532558847	542.709597249507	504.05087270341	520.350448537739	483.15488061109	588.429989950236	616.618156385282	517.086394851356	603.961834589427
502.301600281799	460.192429072725	553.995715997512	506.901598303633	589.145209454852	582.339657862886	544.145817178864	503.618858312553	521.50335474872	482.796227847905	589.863403798911	616.161901395636	518.423916970725	603.629601161848
502.301195598117	460.192465103425	555.172789374864	506.56279184018	590.42138160428	582.0082435619	545.383844156665	503.236631964512	522.565808330375	482.470445990752	591.17036198891	615.755329786857	519.606226722294	603.331998649692
502.300861944797	460.192501452381	556.141072099324	506.26042746607	591.565110534342	581.708907909358	546.419333375376	502.904482336958	523.540317468025	482.177562983283	592.352375043207	615.397766825523	520.635324872542	603.063736473571
502.300610823195	460.192536164033	556.905365943904	505.993771903812	592.574440003397	581.443223079294	547.251669329631	502.622475204987	524.429626599781	481.917651196315	593.410022494541	615.088211784341	521.513574557895	602.821984942338
502.300449112805	460.19256782296	557.470869184319	505.762059297663	593.446996624943	581.212960001213	547.881013538088	502.390629900513	525.236529388537	481.690792257351	594.343689897865	614.825596013103	522.24341441688	602.604427106694
502.300384912551	460.192594871229	557.842675483072	505.564532387324	594.18051707191	581.019837165005	548.307322509508	502.208978009012	525.963806509729	481.497065351612	595.1538139872	614.608868782376	522.827263167562	602.408610735613
502.300430775634	460.192615230357	558.02549637696	505.400465309468	594.773140036624	580.865381511873	548.529803903143	502.077595875132	526.614191198874	481.336540743274	595.841018440814	614.437044822784	523.267466763574	602.231589447991
502.300600272008	460.192626703037	558.023956177191	505.269139367576	595.223095978013	580.751076259322	548.547494442766	501.996570060438	527.190405862661	481.209286660163	596.405969609637	614.309153807138	523.566354549038	602.070304065989
