"ToeTip.X"	"ToeTip.Y"	"KneeElbow.X"	"KneeElbow.Y"	"HipShoulder.X"	"HipShoulder.Y"	"AnkleWrist.X"	"AnkleWrist.Y"	"MetaPhalJoint.X"	"MetaPhalJoint.Y"	"Costal1.X"	"Costal1.Y"	"Costal2.X"	"Costal2.Y"
673.493837771437	453.783718711268	559.850469491184	507.390025773668	559.639918501617	580.394066238494	567.18031741918	504.624909623385	614.091624973008	479.240054270882	558.703296096361	617.552634118006	492.485161179817	601.070941523946
673.686400392699	453.770752578776	560.15689163546	507.365872387295	560.359556985527	580.557898429511	567.34781607527	504.627730507043	613.825098451798	478.576550514345	559.476735309654	617.632415859252	493.29632541078	601.346490529288
673.865972635118	453.764644424166	560.451419519381	507.356214133464	561.105225654091	580.701582651463	567.499198412325	504.627034012737	613.561401720086	477.966604873781	560.28484783081	617.718918780699	494.128057632873	601.620163516633
674.030803430943	453.764754183372	560.734203112689	507.360667974568	561.879950661594	580.826840199123	567.634182684607	504.623408318527	613.299307987239	477.40905266659	561.128838711568	617.810427554103	494.981012175189	601.890740310372
674.179146855954	453.770446090686	561.005389290143	507.378853169095	562.686751475632	580.935388690264	567.752486212088	504.61743816329	613.037592716094	476.902733319039	562.009910705306	617.905228918117	495.855833505055	602.157003539492
674.309426913033	453.781226385501	561.265022677456	507.410464831626	563.528426655468	581.028824265575	567.853795448598	504.609594665399	612.775105817529	476.446622002171	562.929190634449	618.001677895586	496.752840286287	602.417828488487
674.420272393896	453.796772445641	561.513024674187	507.455289495239	564.407508531148	581.108596666793	567.937759649415	504.600212012691	612.510786923996	476.039857480788	563.887713812704	618.098211802519	497.671958538333	602.672202106278
674.510324282332	453.816771837637	561.749309343647	507.513119135602	565.326513582794	581.176146919809	568.004025855207	504.589616240862	612.243581009506	475.681588259228	564.886510105815	618.19327285424	498.613090904605	602.919117989715
674.5780178208	453.840740193595	561.973914548435	507.583653884682	566.288225758016	581.233063130393	568.052278478208	504.578270953028	611.972342909192	475.370798487169	565.926701313868	618.285220590148	499.576534499135	603.157457551851
674.620518561014	453.867132087344	562.187642153286	507.66602707976	567.297079625562	581.281841077826	568.082432561654	504.567488721633	611.695371184439	475.105458032975	567.009976591002	618.371904332014	500.565020831031	603.385409886286
674.634508181547	453.893997728418	562.391585180534	507.759156055336	568.358138798091	581.325322451471	568.094491041166	504.55890565732	611.410752403338	474.883150227198	568.138241307304	618.450978960082	501.582209145858	603.60090024695
674.616684979601	453.919378812279	562.58684630151	507.861959565353	569.476455541149	581.366342914599	568.088462089769	504.554163994396	611.116584963525	474.701459919859	569.313400351006	618.520107024044	502.63176793562	603.801855132117
674.565278137461	453.940644596605	562.775318921279	507.973517078188	570.655985618473	581.407153781188	568.064795115026	504.555384002701	610.8120342697	474.558170638117	570.537279546376	618.577652621897	503.718012175761	603.986354703795
674.48121400654	453.95397961369	562.960289588406	508.093191214765	571.898752936941	581.44897683735	568.024716907593	504.565528172504	610.4981456185	474.451415945753	571.81156541991	618.623215865008	504.846395839822	604.152749854356
674.365693487225	453.955447800814	563.14518666167	508.22037341854	573.206584756769	581.492929071978	567.969533389139	504.587644724975	610.176155663638	474.379365037316	573.137930318769	618.656522680439	506.022488841699	604.299419034227
674.220159469643	453.941079753951	563.333536370989	508.354533297242	574.581070388028	581.53997568261	567.900706258418	504.624849210759	609.847506402352	474.340188257808	574.517988842388	618.677406859054	507.251797714815	604.424863601148
674.048432151091	453.906578524059	563.529826432372	508.49590834441	576.021461518608	581.589590668534	567.821227568247	504.680918625205	609.515657126622	474.332067254327	575.952788276528	618.6867618457	508.539206342803	604.528792354292
673.855681063643	453.847461250962	563.739090291314	508.645171897564	577.525683026411	581.640401640453	567.734957984457	504.76000539279	609.185212123904	474.353190088916	577.443053905621	618.686082533783	509.889245199766	604.611599424001
673.647090655779	453.759244517547	563.966368283641	508.803002643571	579.091643893479	581.691026728432	567.64576959193	504.866266273516	608.860788659556	474.401744845721	578.989505742695	618.676871365371	511.306437506929	604.673688858963
673.427555340571	453.638245975293	564.217019047235	508.970255461123	580.716914240399	581.740202938489	567.558270729909	505.003871460842	608.546920646196	474.47589343152	580.592063421591	618.660958634521	512.793682650254	604.716507265152
673.201208473608	453.482885292278	564.497236449585	509.148247559021	582.398175009954	581.786979209024	567.479001680669	505.177026397825	608.247923277538	474.573729063274	582.248546368555	618.641034924082	514.349619046386	604.74423693527
672.97206008834	453.291922748423	564.813349699212	509.338371062277	584.131963062103	581.830455024117	567.41481577952	505.389942239386	607.96807630597	474.693333827412	583.956433691121	618.619930218538	515.972194662333	604.761503454097
672.743965690068	453.064346595721	565.171667339256	509.542001451461	585.914801402399	581.869853973133	567.372663048649	505.646721850855	607.711600278379	474.832812150604	585.713149371094	618.600506961123	517.659197921847	604.772992893283
672.518185194124	452.802974304593	565.578150799031	509.76023463256	587.742980325682	581.90648422634	567.361117547645	505.949649170901	607.481721274207	474.990643705794	587.515191450242	618.586172800696	519.405737420579	604.784407314912
672.29382477979	452.513800706237	566.038473484099	509.993934529676	589.612597031015	581.943383671377	567.390100909459	506.299498852063	607.280840196188	475.165619533067	589.35828965544	618.580787779986	521.20469812007	604.802291816854
672.069925434786	452.20291680757	566.558300081814	510.243958045037	591.519742872635	581.983642552798	567.46957555682	506.696999862213	607.111332969733	475.356540097298	591.238150457395	618.588225635259	523.048897674552	604.833217014875
671.845058653749	451.877445303905	567.142845006398	510.511196432945	593.460175990548	582.030799750998	567.609437416838	507.141986127155	606.975514109358	475.562348348737	593.150287125109	618.612323455299	524.931145247742	604.883511424316
671.615917958995	451.548635644143	567.795521579533	510.796678356003	595.42832166783	582.090188689735	567.819316434155	507.630711404415	606.87545248598	475.782557179128	595.089440120764	618.656771738951	526.844216041307	604.958535158798
671.378727379754	451.228768965583	568.519292849768	511.101466828889	597.418271973327	582.16759142861	568.108776057797	508.158534409453	606.813155559616	476.016821965594	597.050156704835	618.725224337579	528.780876766398	605.063406231514
671.129763432468	450.930018426168	569.317083385018	511.426639870703	599.424122990914	582.268769271225	568.487294558315	508.720803704677	606.790631176764	476.264805739267	599.026989284214	618.821303802163	530.733928306032	605.203189562087
670.8670366554	450.660989865925	570.190546467134	511.773771202292	601.440103449213	582.398797804449	568.961536161822	509.312532425715	606.809899951925	476.526424397138	601.014660288098	618.947598611793	532.697300480359	605.381196015822
670.590647355268	450.425989946895	571.139803278723	512.145031942902	603.460601934576	582.561926218871	569.534773729216	509.928329466282	606.872997887061	476.801898579243	603.008097049244	619.105451026629	534.666283655959	605.598622547276
670.300820252913	450.229069380058	572.164883789043	512.542628777826	605.480016550469	582.76235450567	570.210078216862	510.562779653597	606.981961900223	477.091467068462	605.002239099324	619.296129113332	536.63624919939	605.856540259576
669.997767849612	450.073422388835	573.265317816794	512.968522784116	607.493275174413	583.00378697338	570.989596523816	511.210714938127	607.138431352638	477.395125752072	606.992515985752	619.520572218919	538.602853470224	606.155506192092
669.681627236117	449.956957558145	574.437548603389	513.423159317611	609.498575076586	583.286868926038	571.869772917686	511.86849234111	607.34159216459	477.711371536632	608.977381288305	619.777691064064	540.563511604398	606.492904944446
669.352506764578	449.87556914105	575.676843110225	513.90640609996	611.495359477256	583.61107989553	572.844878420187	512.533050081049	607.589695261614	478.038130074231	610.956441031202	620.065623269533	542.516308999203	606.864912114465
669.01051460832	449.825141983495	576.97845586715	514.418111511573	613.483090592734	583.975878635474	573.909163818698	513.201328859801	607.880979168349	478.373317726489	612.929314684731	620.382493576667	544.459341756776	607.267692688203
668.655748288996	449.801086805873	578.336760044244	514.956537895204	615.462671981648	584.379113530058	575.055489708367	513.870386062633	608.212762338499	478.714139396445	614.896595557146	620.725437197973	546.391523684843	607.696694452149
668.288286561761	449.797978996903	579.744575999826	515.517153254663	617.437546612052	584.815795755915	576.274267393017	514.537484651902	608.580742211275	479.056546513476	616.860592699908	621.089845958007	548.313209254641	608.146101604453
667.908206271499	449.810308915614	581.194566029129	516.095141153721	619.411415942373	585.28064768598	577.555658859358	515.199908515969	608.980451220334	479.396362913958	618.823789812608	621.470934219197	550.22489958475	608.609969720675
667.515773296331	449.832708532789	582.679472373752	516.685592586479	621.388040123435	585.76830729955	578.889975233847	515.854920244012	609.407503489124	479.729530661205	620.788671106126	621.863885064387	552.127148417535	609.082396205194
667.113110576905	449.861201013062	584.192822668375	517.282689142591	623.371755900188	586.272583492832	580.268992791834	516.499573182018	609.858315661544	480.053153279963	622.757725814218	622.263574285825	554.021026471419	609.55788938869
666.703395103203	449.892599148202	585.728590328606	517.880096243229	625.367227286399	586.786814583117	581.685319411912	517.130801911719	610.32975988374	480.364993528378	624.73344602158	622.664703260817	555.907897895043	610.031190839329
666.289817104654	449.923726076191	587.280757639896	518.471474365802	627.379119046186	587.304334038418	583.131576736513	517.745539843989	610.818714635776	480.66282316038	626.71832194779	623.061972706073	557.789129508229	610.497045574707
665.876146603156	449.952056730787	588.84521355104	519.05098218201	629.410568914741	587.818755700234	584.602529608236	518.340818072341	611.322620131358	480.945139992172	628.713879711079	623.450764718328	559.665734184059	610.950590983262
665.46767500516	449.976776368128	590.422850125481	519.614085633209	631.460707679318	588.324429114496	586.098566660673	518.913924011068	611.8403905821	481.2123470388	630.719115612561	623.828249346227	561.537796033805	611.387994040709
665.069940243047	449.997347385863	592.015370133912	520.1564624914	633.528016839282	588.815823041062	587.620987809376	519.462186608817	612.37117904699	481.465156034703	632.732616020492	624.191886359051	563.405248671703	611.805588557608
664.688411552384	450.013268721371	593.624593641192	520.67387641814	635.610838104103	589.28750331762	589.171196431044	519.982947853418	612.914165101931	481.704294339368	634.752840678388	624.539324686406	565.268047753325	612.199793897921
664.327404276892	450.024653065292	595.254310887633	521.163533751115	637.705165149882	589.735666386065	590.752333726355	520.473768750273	613.468973724089	481.930751764259	636.776122429796	624.871390560157	567.126519159883	612.568466455398
663.990276298412	450.03212238074	596.909946900995	521.623837913691	639.805043331077	590.157861710577	592.368982885746	520.932392038438	614.035599470105	482.145735894946	638.797029285921	625.191546634141	568.981295973765	612.910655024319
663.680356517317	450.03631404603	598.596976192513	522.053228563891	641.904459028285	590.551679710043	594.025770747324	521.356565957872	614.614048083441	482.350460908817	640.810075838154	625.503335364204	570.833020576049	613.225444491805
663.400268870437	450.037808996765	600.320385473469	522.450754590415	643.997762447784	590.915579552981	595.726610381964	521.744591804347	615.204540797234	482.546124575059	642.809934301883	625.810616636073	572.682383088349	613.512570405847
663.149817440439	450.036962397704	602.083210255339	522.817901804669	646.080759098587	591.251495406425	597.472559791616	522.096983096884	615.808160803327	482.733859030055	644.791907388479	626.118520055	574.530264594424	613.774370957919
662.928101346451	450.0340729709	603.887998249642	523.156765248738	648.149618315386	591.562230187034	599.263963210999	522.414806410316	616.426206783239	482.914780001993	646.751455433312	626.432492656114	576.37759391857	614.013835000365
662.734203113056	450.029429460024	605.737277294052	523.469463675377	650.200579512223	591.850632663717	601.101146018001	522.699166825265	617.060007967016	483.089992032411	648.68409649644	626.757940723965	578.225261162617	614.233954975664
662.566657030293	450.022990952686	607.632918653123	523.758899167714	652.232197317165	592.121066427743	602.983810616684	522.952441539527	617.711902817463	483.260230089218	650.587255690671	627.098924264602	580.072877152915	614.437841933753
662.423336679525	450.0143192492	609.576002317761	524.028917844921	654.245816554551	592.379720669082	604.910908629879	523.178540851757	618.385446081263	483.425783746095	652.460656426689	627.457880807186	581.918510988077	614.628749865169
662.302076306904	450.002952497426	611.567561170483	524.283422029246	656.242948162731	592.632893264508	606.881346982743	523.38146633359	619.084264916421	483.586916060231	654.304158944073	627.837151286902	583.760139980132	614.809941270401
662.20075673378	449.988420017552	613.60869651295	524.526016792208	658.225419863513	592.886532362239	608.894270934731	523.565014350388	619.812193943625	483.743726441066	656.118099026359	628.238645707445	585.595735122592	614.984450341133
662.117546210868	449.970196651562	615.700931881606	524.758472783012	660.197014343297	593.144427831938	610.950296576878	523.73171487881	620.574348097273	483.89530437931	657.905747179751	628.661614666595	587.423228415504	615.153902307775
662.05072252685	449.94773648006	617.845951724576	524.981861561186	662.162259316247	593.409547033513	613.050600527184	523.883615280765	621.376330233267	484.040354490419	659.671492319387	629.104295275104	589.240536998692	615.319385452249
661.998563411177	449.920497886518	620.045436041105	525.197239529798	664.125673989538	593.684832420017	615.196365976759	524.022743433222	622.223735096994	484.17757568148	661.419718985946	629.564904350396	591.045602569518	615.481976779648
661.959322646012	449.888317702832	622.300649624326	525.404462482991	666.09090862232	593.971197500117	617.389252665562	524.149512358964	623.12136712376	484.305235526524	663.154238781421	630.04006447254	592.838508949439	615.64186289088
661.931211822313	449.851699525121	624.612125742118	525.601270938359	668.060082529444	594.265981114322	619.631759934675	524.261489971831	624.072638351769	484.420841661276	664.877853883553	630.523589436133	594.623114032205	615.797661640313
661.912438236334	449.811214820454	626.980323199283	525.785190096256	670.035159188595	594.566158232198	621.926472589462	524.355954577665	625.080819084995	484.521824366181	666.593263719243	631.009007125201	596.403659880164	615.947831197202
661.90123050745	449.76750642417	629.405439909219	525.953638724397	672.018096392002	594.868377134954	624.275767538608	524.430131145569	626.148953318089	484.605573761999	668.3029853135	631.489710794713	598.184745764688	616.090713896198
661.896026733389	449.721918293507	631.885110788159	526.102989996226	674.010796077946	595.166076717413	626.679979313798	524.480720664518	627.277861782926	484.669085440783	670.007743775166	631.957771103797	599.974480178601	616.22351411279
661.895383909608	449.676192335183	634.415516021861	526.229023616782	676.015128482592	595.450874260139	629.138283214822	524.504126717828	628.467103310605	484.709131064201	671.707247140144	632.404508019965	601.782963412247	616.342790328705
661.897860754848	449.632074536785	636.992819222804	526.327511593262	678.032965603864	595.714364430935	631.649839645603	524.496748726005	629.71622218842	484.722479486367	673.401196099299	632.821231878739	603.620318918338	616.445092417203
661.902198158324	449.591063641961	639.613246878005	526.393775767784	680.067259258977	595.947275907634	634.213001045557	524.454605486736	631.024732220358	484.705778994816	675.091490313238	633.198737024837	605.496823052253	616.526363163708
661.907615027449	449.554009622368	642.273190458266	526.421956742211	682.123794727975	596.138064996758	636.823999742522	524.372717037434	632.392067221725	484.655361508482	676.785799573811	633.526463834981	607.423153388381	616.580952345612
661.913407727945	449.52165732232	644.969068168446	526.40600370963	684.208816426659	596.274819788617	639.478724520368	524.245941575888	633.81764804642	484.567507681772	678.492728667882	633.793633288224	609.410052514844	616.602951608471
661.918890916826	449.494716987147	647.697392471365	526.339769920547	686.328612022768	596.34564824551	642.173156690569	524.069019006024	635.300940554272	484.438522641734	680.221095594185	633.989463045782	611.468185928272	616.586384282113
661.923686487598	449.473317707348	650.456259069022	526.215497089834	688.490195681345	596.33899211698	644.904831739079	523.834702264543	636.842166564088	484.265122579372	681.983299644662	634.103115039492	613.606924229175	616.524126205633
661.927671268607	449.457106350072	653.245077383737	526.024089732572	690.701184391242	596.243570118363	647.672574755246	523.534095567437	638.442175164822	484.04436477317	683.794711751757	634.123704958768	615.834563555421	616.408101067674
661.930729804838	449.445715186016	656.06329660291	525.756411888061	692.969213388223	596.048109348486	650.475249863494	523.158253225472	640.101834432303	483.773316826012	685.670792796674	634.040347093312	618.159367521903	616.230203736181
661.932789202454	449.438740274817	658.910779481846	525.403535466606	695.301585807946	595.742645820491	653.311876045968	522.69859442849	641.822012317052	483.449336876305	687.625711963605	633.842791852562	620.588686256363	615.98256841976
661.933946812329	449.43563283185	661.789043047478	524.957363862524	697.704276385649	595.322451204763	656.182091715694	522.147997882627	643.603576268349	483.070945204567	689.668471648693	633.523334124905	623.126215937927	615.658286689663
661.93434254652	449.435807861425	664.700017894647	524.410008341135	700.182927756464	594.784106086003	659.085690143418	521.499707173094	645.447393610162	482.636952626837	691.80678255107	633.074904918469	625.774739258568	615.250689457803
661.934116374641	449.438682880412	667.645587335045	523.753694334426	702.743075555775	594.124334058914	662.022394292016	520.747085042522	647.354286293727	482.146237588776	694.048221213502	632.490597658898	628.536910280946	614.753215816065
661.933410167967	449.443758413233	670.626072585356	522.984419002724	705.386720464319	593.344583345077	664.989604360649	519.887430841635	649.32357728954	481.599912818169	696.395932049901	631.768871565416	631.411133536437	614.16287880215
661.932368089569	449.450635021432	673.639912292601	522.102725030983	708.11160298767	592.451996082989	667.98192125365	518.922788151759	651.352783061036	481.00178370344	698.847718063282	630.914652480674	634.390692204242	613.480998619391
661.931134438962	449.458919222253	676.685433025235	521.109425721439	710.915210002369	591.454053397827	670.993779219655	517.85548300144	653.439312521469	480.355815940253	701.401064256386	629.933251236998	637.46856456446	612.709151897729
661.929844685233	449.468213256461	679.760105757309	520.006879265176	713.794398190213	590.359195427827	674.01914564294	516.689394562515	655.580000671823	479.666711210682	704.053167920207	628.83167411309	640.636785532523	611.850269170505
661.928579802303	449.47809297339	682.856121336297	518.806977820118	716.742135114516	589.181780664946	677.049106749457	515.437986914266	657.768140730464	478.943713187032	706.799450791304	627.627390489593	643.881568240998	610.915636310123
661.927399996244	449.488124164729	685.963658378391	517.525246893892	719.749906213917	587.938423057777	680.073650769342	514.1183768989	659.995676159136	478.197796472616	709.634657950834	626.341857185852	647.186907168518	609.919723369212
661.926365179074	449.497870789521	689.072868885898	516.177266138993	722.809190605363	586.645756686349	683.082764963764	512.747723065411	662.254533715206	477.439953114752	712.553533487212	624.996562701079	650.536800621076	608.877037309366
661.925513205391	449.506738862705	692.171931236017	514.782709438593	725.911170821287	585.321782758265	686.066540485677	511.346191196089	664.535416278504	476.682398104447	715.550851046657	623.615071773882	653.915960875714	607.804754680176
661.924843068223	449.513856127541	695.245546601308	513.368464040678	729.046506860724	583.986911136298	689.015251528365	509.93924532643	666.82687045681	475.939501059483	718.621436351411	622.224607137091	657.310358109688	606.72475540865
661.924349804819	449.518322001589	698.278062204348	511.962151452679	732.205805533236	582.661796863921	691.919190917065	508.552888809239	669.11722336767	475.225850920394	721.76012042461	620.85276387637	660.706090543841	605.659398185781
661.924027270368	449.519198153613	701.254040436653	510.591423437399	735.379757921603	581.366880891955	694.76889554137	507.212974454413	671.395102455376	474.555619286239	724.961637147061	619.526767531967	664.089531351814	604.630862515579
661.923857707499	449.515175408205	704.160157509394	509.284228986418	738.559883008744	580.120500925011	697.557299979075	505.943876138344	673.652085574164	473.9388777934	728.219766073301	618.270213229968	667.44975484354	603.659567569105
661.923816767677	449.504734102673	706.984289415745	508.068685795271	741.738169685061	578.939800887079	700.27869971081	504.769128310181	675.881425200196	473.383370982175	731.527745092226	617.104635511222	670.777368465755	602.764933370786
661.923880033668	449.486352435813	709.714329985106	506.972904993045	744.906615220847	577.841904884149	702.927407841509	503.712247922993	678.076395324036	472.896812821505	734.87880892099	616.051538676873	674.062999730383	601.966361647284
661.924026622656	449.458649532047	712.340238276843	506.02067829177	748.058733978759	576.840830059626	705.498755603461	502.792758371766	680.231435028203	472.484955636035	738.26773932348	615.129079918222	677.298529999281	601.279784586908
661.924244926184	449.420614306853	714.85739254628	505.224463185085	751.192021195706	575.942440838161	707.99074581116	502.019703892197	682.344040614844	472.148404364874	741.693377538575	614.34663355763	680.47913075628	600.712030254698
661.92452483862	449.371295596839	717.262049178016	504.594880564099	754.304617171496	575.1512805737	710.401814183645	501.400430671663	684.412203779537	471.886929862157	745.155222604552	613.712150736894	683.600506618254	600.268451478914
661.924856165272	449.309738687735	719.550412519363	504.142660155626	757.394623979984	574.471970905861	712.730370786351	500.942385522625	686.433886861212	471.700352409275	748.652734578984	613.233666934437	686.658330609009	599.954488509257
661.925227215585	449.23492922155	721.717812853766	503.880359786222	760.459501618535	573.910448428898	714.974394784359	500.654705444531	688.406559098858	471.589322511095	752.184718765411	612.920634220448	689.647745087515	599.777050002405
661.925625057785	449.145803349876	723.758855194934	503.822054180086	763.496177310344	573.473740843611	717.131507795661	500.547929898955	690.327280573189	471.555179564887	755.749437173799	612.783680106839	692.563452084339	599.744263051338
661.926036722527	449.041295726278	725.668122603345	503.981863976483	766.501562152034	573.16890887757	719.199320615639	500.632640798678	692.193098980081	471.599283820049	759.345135369126	612.833467685036	695.400140301724	599.864291629958
