"ToeTip.X"	"ToeTip.Y"	"KneeElbow.X"	"KneeElbow.Y"	"HipShoulder.X"	"HipShoulder.Y"	"AnkleWrist.X"	"AnkleWrist.Y"	"MetaPhalJoint.X"	"MetaPhalJoint.Y"	"Costal1.X"	"Costal1.Y"	"Costal2.X"	"Costal2.Y"
233.363396518856	178.304187463967	154.165607010451	216.166737065651	145.932391065235	231.474013111913	184.756486330648	181.609190249023	194.086886709064	180.775658201439	135.253292554167	263.212991974877	111.319436417444	266.435746883531
233.813754002418	178.035523273673	154.586790060486	215.219978429006	147.478935763321	230.434494782966	185.147745221348	181.090791082261	194.182904527254	180.340886567236	137.171737738938	262.453242427544	113.361004838181	265.730484386351
234.082468592626	177.875219536235	155.024031326952	214.528352726387	149.005877149699	229.411436409795	185.381184322981	180.433935778593	194.285932936839	179.85811038515	139.024233710098	261.704744149976	115.363155393198	264.979406827706
234.209960045792	177.799163537868	155.469410696756	214.034451973864	150.516430452522	228.402046489725	185.491928253575	179.707629028036	194.387790141943	179.35884716496	140.826436971735	260.950037163256	117.338499056424	264.183572811676
234.240880421639	177.780717751923	155.919406866618	213.674930839464	152.019066476175	227.40662377788	185.518793940151	178.991478807751	194.47755860439	178.876264637305	142.584688809909	260.165445697166	119.293352843123	263.348408370571
234.224114083298	177.790719838885	156.374897343064	213.380506643174	153.527511601278	226.428557287188	185.504290618724	178.37569638204	194.541585043707	178.445180753689	144.296015292657	259.321078190188	121.227739809894	262.483706964935
234.201368879424	177.804288663663	156.829300781207	213.091964382094	155.046580579185	225.465996028215	185.484666653536	177.93251352831	194.570855046794	178.097615265022	145.973237857709	258.397582900835	123.15235537803	261.591856416134
234.184910548009	177.814107006745	157.2454354201	212.791392344055	156.544527630934	224.49559156595	185.470484781052	177.660400026465	194.575385451325	177.854108124899	147.693979459494	257.418848374932	125.1216790291	260.644862436102
234.179387143063	177.817402036075	157.579409741115	212.472524196253	157.983842967128	223.490874951164	185.46566190107	177.538463599876	194.569706520814	177.730809751705	149.549059331335	256.420038588321	127.197979765304	259.609561782711
234.183532123306	177.814929316511	157.808960191321	212.159443409556	159.404667607707	222.477215719771	185.468953029728	177.524616157325	194.562727621217	177.708920088566	151.560202400099	255.447020755154	129.370927216796	258.508602399698
234.190164352165	177.810972809821	157.933451183475	211.906583258509	160.924793381949	221.531821892825	185.473951299506	177.555573793013	194.557737220932	177.73468860335	153.680039286201	254.556365327892	131.55759164168	257.420443416662
234.19341279531	177.809034926298	157.96292470829	211.755120808066	162.623261809548	220.715486926013	185.475698166821	177.579306295951	194.556851209095	177.761676888193	155.858153653246	253.789751644845	133.691487891766	256.410619889926
234.193675452631	177.808878236071	157.94637168294	211.68793005811	164.410608683272	220.014330624831	185.47592610274	177.592484463026	194.558472705203	177.778773375845	158.043957738727	253.127433154971	135.784535171442	255.483264289527
234.19288074472	177.809352325134	157.942382456336	211.675625144911	166.158711888504	219.397534504549	185.477906575963	177.60362614462	194.560138450178	177.783897740667	160.18818232462	252.534480287065	137.86846552849	254.628428426538
234.192109821506	177.809812225255	158.006377980056	211.742085965924	167.819225370471	218.874072893782	185.481834666598	177.613700626197	194.560806903201	177.779558880593	162.272870416159	251.979952869879	139.979881381467	253.865373827026
234.19159656225	177.810118413976	158.190609808354	211.964458179782	169.423579134254	218.492712934489	185.484829066155	177.616128628302	194.560858241715	177.772854917134	164.311377241833	251.436900132127	142.160255519708	253.242571732057
234.191469532402	177.810194194599	158.537805179273	212.393311189463	171.008141497491	218.282506376898	185.48319227879	177.602126088316	194.560682107236	177.769546024474	166.322182967263	250.889528131141	144.427289686916	252.795941110707
234.19158339358	177.810126269845	159.053145265561	212.963645764679	172.615159930708	218.186722915044	185.470497083339	177.55540260486	194.56045874223	177.769242461661	168.338821902542	250.365976430025	146.702754423266	252.506111893673
234.19172914403	177.810039321302	159.731888430508	213.584072151598	174.287262055716	218.129413619905	185.440143070789	177.459807030191	194.560311957694	177.770052147185	170.397016595083	249.904805018785	148.88741503378	252.339888385401
234.191808471528	177.80999199788	160.556958295387	214.2207381961	176.042013844791	218.085848055256	185.397242432258	177.34555249811	194.560271685291	177.770891178786	172.496257719937	249.531626047901	150.950520835338	252.26399745731
234.191833753377	177.809976915806	161.498943739451	214.897329343782	177.871919620676	218.082514277672	185.358619958995	177.289216423963	194.560273977357	177.77148383345	174.599804079793	249.25910382833	152.929805156676	252.245088547794
234.191823035616	177.809983309577	162.520543641995	215.631964805543	179.756395752433	218.139362786536	185.337570711416	177.348513149824	194.560273122654	177.771657853275	176.669750552076	249.095747548606	154.862468308078	252.248077669751
234.191797788876	177.809998370715	163.555042054996	216.410492314407	181.626865342133	218.241286288491	185.331233852691	177.497641371369	194.560312682479	177.77151428789	178.669837508357	249.035697705752	156.771668263092	252.230960600711
234.19177970931	177.810009156205	164.530944976787	217.210782887308	183.404363415679	218.365034930384	185.332787601332	177.689824747917	194.560454631804	177.771221192502	180.566476478229	249.068426532427	158.675375351125	252.151543415119
234.191775988667	177.810011375752	165.435998428974	218.012804068904	185.046960532301	218.501662292071	185.337204858005	177.87607606932	194.560671142932	177.770916232225	182.378054034575	249.158656157117	160.552987522574	252.003060369803
234.191779314292	177.810009391782	166.317188456427	218.798619931573	186.549762784554	218.656525386411	185.341253205527	178.005197255967	194.5608445855	177.770706682081	184.174931793566	249.246358604135	162.345330348827	251.814173903976
234.191783011491	177.810007186156	167.215192135937	219.543147169238	187.921688448515	218.827334070961	185.342567038295	178.045940293246	194.560801267059	177.770750557392	186.004942036391	249.281668030726	164.018786745005	251.620584983627
234.191785479914	177.810005713652	168.135148059221	220.192348348488	189.22046357204	218.97872202851	185.3419358784	178.04724192558	194.560158864662	177.771414119913	187.816760566351	249.259671491811	165.648677240991	251.479987258837
234.191786413014	177.810005157223	169.072458436075	220.687850113618	190.514326379823	219.068901870694	185.340898105052	178.075831481021	194.558542737144	177.77305633286	189.536280519485	249.187496874406	167.333777459013	251.452558547425
234.191786084222	177.810005353663	170.002934981233	221.038039128343	191.832650476129	219.09858957756	185.34007382702	178.146605346541	194.5569545497	177.774670876062	191.135543432674	249.090732042153	169.085938860361	251.529154591788
234.191785346951	177.810005793605	170.88279891437	221.318062075796	193.165944844796	219.111004497561	185.339164882626	178.222626968037	194.557772273885	177.773886145959	192.632739243638	249.013424835316	170.830088745389	251.631309058892
234.19178490775	177.810006055291	171.678467846099	221.594917340244	194.492007496672	219.149362961665	185.338151739684	178.27769418025	194.562549345041	177.76914293707	194.047740948533	248.99068905843	172.490952355439	251.695669003711
234.191784784855	177.810006127604	172.400551993403	221.891399672321	195.744551615079	219.249477340731	185.338289083179	178.337556797819	194.569301696041	177.762369076816	195.399127968411	249.018691942406	174.007563941184	251.731391046353
234.191784826305	177.810006101028	173.070694491718	222.217943076428	196.849040728962	219.443726973229	185.341052180781	178.43966438645	194.574917310707	177.756611972977	196.705706724178	249.083186076191	175.325753020686	251.76534499213
234.1917849234	177.81000604175	173.710188114309	222.55485528701	197.794684074957	219.728104223325	185.345662953255	178.591836901906	194.570681983877	177.760618942275	197.998942690246	249.154330081956	176.465363458362	251.814873906519
234.191785010701	177.810005991658	174.339975272268	222.852317768559	198.634436597384	220.062214480883	185.349089974458	178.772264690008	194.5422793214	177.78883721038	199.322960394531	249.186688615102	177.52025346498	251.887794115165
234.191785040705	177.81000598085	174.974621957306	223.081492374631	199.417340232843	220.404954659262	185.347572128537	178.959452878687	194.479656728782	177.851505222826	200.699966682599	249.155912134761	178.577063852642	251.985841420407
234.191785030116	177.810005996498	175.603249416159	223.302701866331	200.165698677012	220.71871593524	185.334821427219	179.13831869995	194.390791103886	177.941035016084	202.062296096082	249.124706309219	179.68069377856	252.088086355691
234.191785010986	177.810006015158	176.209155664665	223.595513341251	200.894952543776	220.968604830411	185.304419973415	179.295289994294	194.288031912873	178.045455514558	203.32264003092	249.175156862182	180.862418889082	252.169948107884
234.191784999142	177.810006016049	176.788011691549	223.969438417719	201.616436451071	221.162088782478	185.26149148378	179.41466899897	194.180628111711	178.154485917168	204.458663279647	249.334523339449	182.080188596422	252.253190188644
234.191784994187	177.810005981055	177.347861458433	224.363933234801	202.337379020885	221.348996145247	185.222701288706	179.478632347983	194.07472814618	178.259535697353	205.513004031396	249.575239108908	183.218626078652	252.405920434426
234.191784994667	177.810005908685	177.899676949991	224.722992294427	203.067422751628	221.569208134086	185.201248790073	179.481791896707	193.977423232076	178.351915078521	206.536818950635	249.869726113196	184.192414003576	252.672894161647
234.191784997722	177.810005863474	178.463990421746	225.020947111579	203.826579733658	221.815450294753	185.194462438542	179.468870056135	193.900114884434	178.422243323188	207.604038882038	250.199895581417	185.049225386448	252.997396724018
234.191785000227	177.810005924649	179.061915788632	225.240938965975	204.636072749868	222.069663234367	185.195795318208	179.495590137471	193.854719245937	178.461783858301	208.789779648198	250.550802994299	185.869005406277	253.298740024165
234.191785001003	177.810006129735	179.672973574633	225.394295901098	205.485345357889	222.336879071611	185.200825051649	179.582560462019	193.840204674553	178.480588917997	210.065460027682	250.925258222742	186.709264510481	253.528298875395
234.191785000815	177.81000647455	180.235090912779	225.520532724193	206.332061890088	222.645221436729	185.207253799922	179.715274361184	193.842591743539	178.507499543599	211.29880175503	251.343825527814	187.605078414891	253.669511001697
234.191785000397	177.810006838436	180.705260465939	225.654437015537	207.14268370173	223.015556352638	185.212631322071	179.881024906487	193.849283867417	178.565300516948	212.391953809335	251.809276792707	188.57739181361	253.731481611233
234.191785000019	177.810006642087	181.123970649531	225.806985401637	207.924387061474	223.435703497873	185.213528284127	180.080411084662	193.85546761443	178.649283963334	213.402808416427	252.250126669082	189.594527006278	253.820409690479
234.191784999831	177.810005236451	181.552868255276	225.982557041603	208.694739612253	223.885373342981	185.206465801935	180.316417281928	193.858382721523	178.747948070073	214.426492439316	252.579806862478	190.613254662289	254.061763778305
234.191784999845	177.810003005626	182.060142152684	226.170702328511	209.476199853324	224.347781055031	185.192455121864	180.570383060073	193.85773867191	178.85161322635	215.519005727349	252.791820399008	191.627236723557	254.465922893284
234.191784999936	177.810001366857	182.720523289056	226.346142889403	210.296117140275	224.809646497609	185.176997620809	180.802003156458	193.855714695083	178.952422023221	216.697221116218	252.959741625357	192.667026404516	254.928176533695
234.191784999999	177.810002133417	183.571222850359	226.493692629655	211.172399900024	225.255667528461	185.170395913745	180.985207971282	193.854189911487	179.044583446818	217.96862288577	253.146014623592	193.763409643526	255.351999632775
234.191785000024	177.810008523002	184.49823522457	226.641113483812	212.084342261122	225.661844469544	185.201376675695	181.154634873394	193.85341348432	179.130255158921	219.309945790517	253.354636970247	194.941687401175	255.693624432337
234.191785000024	177.810023562508	185.354354534066	226.826436085322	213.003429750256	226.002891857059	185.301934601006	181.359359703697	193.853248087392	179.213890874462	220.690699256138	253.574445061959	196.223743214428	255.924527762751
234.191785000013	177.810037814986	186.09826538084	227.076919974633	213.943582267004	226.273961985656	185.473290483129	181.631478090534	193.854039392896	179.307048645911	222.091019915862	253.781635564588	197.584398499099	256.063457466893
234.191785000001	177.81002937964	186.794542846497	227.409053599194	214.961154083826	226.490644908428	185.685891214616	181.986105449691	193.856616071408	179.428390863279	223.501671610466	253.939765413217	198.951412549853	256.176432400147
234.191784999995	177.809982929804	187.503716820561	227.822663714336	216.092761294915	226.664848688007	185.910041549313	182.426006001657	193.86083032498	179.591910802683	224.916786738163	254.02275523387	200.278182934702	256.313549003816
234.191784999996	177.80991160297	188.251720688625	228.252803540481	217.288687390459	226.790199032389	186.120829669001	182.907492266188	193.862544481849	179.791689747705	226.342123716877	254.048178630389	201.62884503176	256.452993017232
234.191784999998	177.809838267554	189.055281639787	228.621483663366	218.480332037806	226.856023032069	186.295303593244	183.376991337151	193.85683859314	180.017068650066	227.786719250072	254.043753420486	203.091361913665	256.556334832681
234.191785	177.80984593436	189.918314241272	228.923181896668	219.66117945201	226.857903114093	186.428082900016	183.820662792164	193.843742110794	180.262854785754	229.268160995168	254.019509718524	204.664991218993	256.616478396751
234.191785000001	177.810077756576	190.831920438432	229.224843282004	220.886798395833	226.797677042055	186.531358725699	184.264398692602	193.828233887567	180.529321755021	230.812587563543	253.967789935507	206.260285152259	256.657661210337
234.191785000001	177.810582170566	191.793857238104	229.58317894105	222.202619674283	226.685163921396	186.624860339447	184.740592635939	193.820312721724	180.824874429898	232.440892708142	253.88119672222	207.808447503407	256.695318482454
234.191785	177.811018285854	192.830730175124	230.00136131955	223.602724948713	226.561020340332	186.755413618307	185.300734366879	193.849196428205	181.189492104435	234.151503625739	253.756449810887	209.338715436113	256.704226940811
234.191785	177.810943587294	193.97561158818	230.468718235422	225.068549431073	226.472265528011	186.97453891388	185.998560049871	193.947509108149	181.668289898129	235.935420778882	253.592017856243	210.903595101328	256.650209788708
234.191785	177.809816821745	195.244431268614	230.963998453188	226.585917573161	226.43494392917	187.285923997278	186.829670656982	194.115710099331	182.24295398921	237.742012440908	253.402921512647	212.527087458412	256.526945435554
234.191785	177.806997998075	196.635976460421	231.455371683971	228.145043066618	226.434125204134	187.645424059117	187.731531967893	194.322093976163	182.831741614635	239.479014695944	253.220733434073	214.204688275136	256.355967496867
234.191785	177.80299483067	198.136749535904	231.918109321969	229.732703950191	226.454343351814	188.013699224253	188.642907066851	194.534315662095	183.374270010336	241.083686029031	253.069864682946	215.924356980223	256.162348881323
234.191785	177.802923027828	199.687094693192	232.357729329031	231.321172305	226.483376644511	188.378948064144	189.517858724598	194.723065348603	183.906627528361	242.618614909616	252.943201346846	217.648865070847	255.980475286556
234.191785	177.812678489983	201.218382895107	232.78717771025	232.881473613246	226.509280361051	188.7377120448	190.31870070798	194.861392409594	184.488390850319	244.175319297025	252.825767144845	219.336542742919	255.8455339282
234.191785	177.829605571711	202.721010193869	233.216327701246	234.439370838407	226.507826358477	189.120073138894	191.109546496912	194.959154623635	185.164659320062	245.790048007516	252.703019925703	220.988400869667	255.757598399358
234.191785	177.842497081728	204.244397731104	233.651979768169	236.075364425245	226.442503072041	189.589653825771	192.056309284374	195.06301817396	185.966054943684	247.443780714281	252.560851667865	222.648131001643	255.681628670602
234.191785	177.837384294936	205.839279411136	234.097611282018	237.850132758789	226.287819467958	190.188299642097	193.281383164579	195.216252322463	186.919428640004	249.130354082328	252.39189959534	224.346585925572	255.5874675774
234.191785	177.790739576359	207.551374956151	234.543941627898	239.735546423204	226.064502883555	190.864915222232	194.71538153876	195.442137184011	188.039064776604	250.904644768795	252.215706413579	226.055840646381	255.470596131753
234.191785	177.678500411946	209.425634983956	234.977961337549	241.68305347563	225.805038237327	191.54811698562	196.244000849636	195.757836111172	189.334778986574	252.832483403058	252.056693875667	227.734406314395	255.332514057028
234.191785	177.519265800874	211.518152258882	235.374255734377	243.68502870673	225.546579180658	192.234302596869	197.82258647884	196.1547645191	190.785863679219	254.880662021134	251.896795311963	229.366797669363	255.165731922836
234.191785	177.374296255541	213.896161691791	235.695004933447	245.77477364069	225.330948097826	192.987650965746	199.476132746913	196.598589885537	192.341088040059	256.916934065678	251.675455630102	230.963533040459	254.953771145034
234.191785	177.292983095964	216.587558855487	235.909991764224	247.970338839318	225.178249844747	193.871449488812	201.221751267293	197.074087621949	193.954314183271	258.835440288623	251.347045507654	232.541391873129	254.690595794283
234.191785	177.269821479029	219.460944205941	236.021567341319	250.221653322123	225.020907210344	194.933631467149	203.032909966045	197.646942776851	195.605084324398	260.653094782199	250.933027992848	234.137675714524	254.413503891549
234.191785	177.285494652606	222.346934210832	236.041258410056	252.462776525644	224.772172190949	196.215003687265	204.872104398774	198.400201037924	197.279312809767	262.416791895424	250.472021247836	235.794135035164	254.169409246212
234.191785	177.318664895267	225.118460528942	236.004363582574	254.654466346315	224.408540438535	197.680749149448	206.70041680283	199.350972380609	198.961812410911	264.157025176713	250.011429923766	237.536843458224	253.97721858694
234.191785	177.345973516282	227.690770010155	235.969953337829	256.784179140469	223.969751260715	199.220427067761	208.477516097308	200.450431068105	200.636294324563	265.887887373874	249.60744516078	239.376197759533	253.82783156169
234.191785	177.344676897871	230.020081006452	235.984090474608	258.85657625191	223.496622739579	200.748849677724	210.168073249476	201.654966704305	202.288191747478	267.620321877379	249.306619175516	241.305948754991	253.701357699331
234.191785	177.294843186988	232.21913871455	236.036672833323	260.940495763902	223.023289158479	202.294993263499	211.757013213771	202.953297336262	203.910017454715	269.355526961489	249.115420405549	243.255989829016	253.539616849018
234.191785	177.178958973377	234.433868465266	236.103383158765	263.117592994177	222.581998884288	203.914950990802	213.233855373182	204.341864969704	205.494515670426	271.092089995178	249.029143808506	245.14210151229	253.27853198497
234.191785	177.018967383797	236.67330931658	236.155905507076	265.39530340123	222.200056047474	205.632061021436	214.577330541271	205.808874111599	206.999046372701	272.82458194407	249.016576032809	246.922648930562	252.9385636162
234.191785	176.876268082025	238.809614053638	236.161925245754	267.706842584322	221.899820542107	207.436906513296	215.755380962162	207.334291770161	208.345585293568	274.543557370438	249.019995417672	248.598581804649	252.624709786514
234.191785	176.799137675585	240.747012431572	236.09822860697	269.986086445831	221.693185914592	209.320707224982	216.743231654479	208.905803729452	209.472141269597	276.245436490027	248.986925350305	250.19352753389	252.423623630205
234.191785	176.77649854055	242.541848393796	235.978700705716	272.182459902225	221.551040187874	211.282925840359	217.547115007764	210.543403485405	210.387009337461	277.950800637415	248.890479550621	251.814418215174	252.333876463551
234.191785	176.782733130056	244.287624668535	235.825528529779	274.251983412478	221.434166182338	213.323418384098	218.181539436715	212.273487430304	211.116381717194	279.685742356867	248.712345937246	253.583054294512	252.331019976746
234.191785	176.799092500438	246.057839452059	235.638523565024	276.212968082337	221.306708819273	215.403690899206	218.673069551802	214.083949229215	211.693940195546	281.46418558232	248.484274586054	255.484206236795	252.367624913667
234.191785	176.81369631123	247.905986408684	235.395121795396	278.146015664319	221.136175120879	217.446899447031	219.060326159263	215.924179819987	212.160856125986	283.287885637376	248.288077730176	257.365614525795	252.373281071877
234.191785	176.817938144666	249.853049077934	235.085436614833	280.109724008202	220.896610937578	219.386289040075	219.371367954768	217.733884066915	212.552364232546	285.151572261707	248.181420082519	259.102475647314	252.299186083214
234.191785	176.815112734085	251.793449549194	234.754182448881	282.063842196863	220.587632719493	221.202130057503	219.589908462012	219.420718666538	212.878650188179	287.023989139324	248.116669812966	260.70364139634	252.186965602947
234.191785	176.8113458855	253.593699786796	234.457774078213	283.944671616866	220.215479198638	222.889139487785	219.690396024782	220.890305578914	213.144054083972	288.866773892649	248.021975094391	262.210417794333	252.099363745985
234.191785	176.809446457521	255.206107217126	234.207778519746	285.717597049433	219.791670642265	224.503910475195	219.68916458782	222.185744789637	213.362499671944	290.627544547594	247.873879290781	263.642040043893	252.064888064333
234.191785	176.808906361364	256.668774728619	233.970915026632	287.377086670434	219.333008852855	226.164912319802	219.644433696827	223.487614309834	213.557494365041	292.239899533561	247.69732095724	264.995672528753	252.077809547092
234.191785	176.809124860597	258.038723712066	233.718602322723	288.934905488971	218.852623441848	227.97719883895	219.605782216869	224.957914916238	213.744591682636	293.658456383311	247.519056746248	266.278184928105	252.126702876601
234.191785	176.80970748863	259.433728617759	233.44885662574	290.466947865395	218.348036728633	229.981400848495	219.580941838152	226.660429226175	213.905862846168	294.924347233734	247.364699144831	267.539106506268	252.183311692994
234.191785	176.810310057148	260.98637245424	233.166177292541	292.064739689419	217.812966755163	232.202446057678	219.567444002007	228.634999180614	214.015217766954	296.099792156482	247.259581749683	268.838364801435	252.215277069871
234.191785	176.810558726544	262.82050497775	232.871240290234	293.810588256516	217.243375111622	234.674522982208	219.56883568115	230.935585580941	214.051379436641	297.234574748859	247.229202631283	270.229755036434	252.19265954315
234.191785	176.810050005924	265.051242692226	232.560898196188	295.777582267919	216.637466936427	237.441080944253	219.594679379686	233.630268088953	213.997883927201	298.366042133828	247.299224333892	271.760940118736	252.087939111062
