"ToeTip.X"	"ToeTip.Y"	"KneeElbow.X"	"KneeElbow.Y"	"HipShoulder.X"	"HipShoulder.Y"	"AnkleWrist.X"	"AnkleWrist.Y"	"MetaPhalJoint.X"	"MetaPhalJoint.Y"	"Costal1.X"	"Costal1.Y"	"Costal2.X"	"Costal2.Y"
258.6282570004	178.0713480004	184.788283311705	209.333867207054	169.565399140688	213.934291404943	217.386873998653	178.409994443579	226.393209002333	179.141864792396	158.203695676285	243.95920858409	137.982525871629	249.361064755954
258.628257001282	178.071348001282	185.578501426586	209.801459323491	171.289212632644	213.604724701276	217.386873969374	178.117335789235	226.393209031032	178.907204232325	160.156274600194	243.736093044115	140.174364786494	249.00015514475
258.628257001207	178.071348001207	186.50780055746	210.333753694078	173.205154173455	213.481020243181	217.386873960317	177.877840685542	226.39320903893	178.680411168497	162.205264773727	243.577289592575	142.3363718051	248.749308662248
258.628257000423	178.071348000423	187.546264243785	210.912661473689	175.274484093048	213.534656232938	217.386873966637	177.685646023366	226.393209031062	178.463870969707	164.32739601342	243.477020959626	144.463926440558	248.59361413683
258.628256999176	178.071347999176	188.663976025018	211.520093817196	177.458462721347	213.737110872827	217.386873983493	177.534888693569	226.393209012464	178.259969004754	166.499398135806	243.429509875422	146.55240820598	248.518160396876
258.628256997725	178.071347997725	189.830771300358	212.137730787573	179.718161594022	214.059648327887	217.386874006106	177.419745079469	226.393208988143	178.07121590062	168.697721932236	243.428977364997	148.596724184743	248.50777773211
258.628256996474	178.071347996473	191.013443673842	212.744419637694	182.012337936804	214.470909015414	217.386874030492	177.334875677505	226.393208962796	177.901657745508	170.895397799996	243.469623551343	150.585990241589	248.544127169631
258.628256995923	178.071347995923	192.176746999836	213.317108010779	184.298197058662	214.937773934888	217.386874053201	177.275265617932	226.393208940909	177.756370268456	173.063162508014	243.545634541082	152.505438798866	248.606744510471
258.628256996576	178.071347996576	193.285397488912	213.832708492552	186.532915627774	215.427091615551	217.386874070791	177.23590602216	226.393208926966	177.640448200636	175.171710496064	243.651196182161	154.340230609583	248.67512633439
258.62825699893	178.07134799893	194.304237443653	214.268251097657	188.673766247771	215.905819349269	217.386874079788	177.21176794358	226.393208925463	177.5589226235	177.191877990051	243.780495188985	156.075766491042	248.728900597086
258.628257003032	178.071348003032	195.207530408845	214.609539801053	190.685189550779	216.349040866954	217.386874074257	177.196323009512	226.393208941862	177.512068889972	179.105095078762	243.927783015089	157.715384192679	248.757511296812
258.628257008176	178.071348008176	195.985323487652	214.857077734326	192.543634882187	216.74545425337	217.386874044143	177.1805308347	226.39320898325	177.492195004582	180.910539919617	244.087419572515	159.292471494405	248.766847405555
258.628257013584	178.071348013584	196.629169535074	215.01277032895	194.226697218907	217.085056402951	217.386873978999	177.155111387831	226.393209056868	177.490848886639	182.609083836193	244.25377512025	160.843282949742	248.764366746182
258.628257018478	178.071348018478	197.13062140611	215.078523016396	195.711971537852	217.357844210136	217.386873868376	177.11078463759	226.393209169957	177.499578455451	184.201598152072	244.42121991728	162.40407311221	248.75752714156
258.628257021684	178.071348021683	197.488669141364	215.060179527984	196.988635696365	217.557136729072	217.386873712631	177.041435866939	226.39320931891	177.510974360409	185.691824010297	244.585151136954	164.002124342409	248.752479267145
258.628257020219	178.071348020219	197.736201065521	214.981534149739	198.098661685512	217.691395235665	217.386873561373	176.9553776877	226.393209450685	177.522379957436	187.09658303364	244.745646571975	165.623824237688	248.749415892195
258.628257010587	178.071348010587	197.915758199085	214.871492672561	199.099054874227	217.773392824678	217.386873478234	176.865030961441	226.39320949816	177.532491957988	188.436421572989	244.904116843416	167.243915419233	248.746833244155
258.628256989292	178.071347989292	198.069882261015	214.758961257214	200.046821719241	217.815902902874	217.386873526848	176.782816846998	226.393209394215	177.540007171449	189.731886248752	245.061972668792	168.837139665612	248.743227427712
258.628256953535	178.071347953535	198.239253536067	214.671831572698	200.997192979931	217.831785170254	217.386873767154	176.720520295803	226.39320907705	177.543720198408	191.003266147867	245.220234422914	170.379121539467	248.737563152783
258.628256910618	178.071347910618	198.437636811565	214.623326195617	201.979723634316	217.835147088017	217.386874205659	176.680726987717	226.393208561836	177.543839656084	192.267126539706	245.374278301458	171.858250262182	248.735580949189
258.628256875441	178.071347875441	198.658546315831	214.615631037848	203.004650833338	217.841034902237	217.386874808673	176.659101296687	226.393207921655	177.541638033065	193.53723098479	245.515233958389	173.272518870778	248.748119307171
258.628256863092	178.071347863092	198.895001748934	214.650662490679	204.081739977438	217.86451778456	217.386875541524	176.651138575082	226.393207231001	177.538413798186	194.82727462458	245.634127345111	174.620154932008	248.786141211583
258.628256888607	178.071347888607	199.140032196917	214.730294337696	205.220634066903	217.920601329219	217.386876368043	176.652340537581	226.393206565558	177.535460833677	196.150868261981	245.722058151348	175.899483225432	248.86055008254
258.628256961647	178.071347961647	199.387688991457	214.851759870705	206.417645252015	218.017366784903	217.386877089128	176.658901830607	226.393206130427	177.533573485629	197.512437215797	245.778157057766	177.119416175682	248.975762023391
258.628257081739	178.071348081739	199.63395054391	215.003544388765	207.643955118292	218.149842015553	217.386877198531	176.668323376339	226.393206374678	177.532604402841	198.899090849509	245.816694315115	178.308825437298	249.123963614671
258.628257247285	178.071348247285	199.875008753105	215.173164062939	208.867961214439	218.31160879331	217.386876155974	176.678250809968	226.393207774413	177.532301910158	200.296020214871	245.853617379605	179.498793806167	249.295986614928
258.62825745669	178.07134845669	200.107055517869	215.348135064287	210.058061089158	218.496248890313	217.386873421179	176.686329766688	226.393210805729	177.532414332422	201.688416363638	245.904873707448	180.720404078178	249.48266278271
258.628257691923	178.071348691923	200.327259975699	215.517801309568	211.189465549599	218.697612583447	217.38686872481	176.69065052806	226.393215657809	177.532713826287	203.062856201431	245.985434649847	181.997561187178	249.676284573212
258.628257849536	178.071348849536	200.537871090189	215.681007598566	212.272801692904	218.910945875597	217.386863205918	176.691614710942	226.393221028396	177.533096429555	204.4131205001	246.105197624832	183.3168585155	249.876737351318
258.628257798413	178.071348798413	200.742783228514	215.839676156678	213.330168286548	219.131946858458	217.386858459744	176.690372595496	226.393225132141	177.533498306301	205.735323431706	246.272416555629	184.652803882065	250.086365896971
258.628257407423	178.071348407423	200.945891602021	215.995730788178	214.383669983555	219.356313855673	217.386856081761	176.688074845982	226.393226183449	177.533855641184	207.025580365461	246.495344522268	185.979898905283	250.307516251915
258.62825655785	178.07134755785	201.151020401536	216.151238866442	215.453938863531	219.579894724729	217.386857653486	176.685835046057	226.393222442305	177.534106950704	208.280275033685	246.781575128446	187.27376828027	250.542547135656
258.628255344997	178.071346344997	201.360769691702	216.310742355097	216.536225390151	219.801114723068	217.386864515828	176.684127649461	226.393212954345	177.534230943442	209.500416737223	247.127335091314	188.529394311883	250.794035784513
258.628254044661	178.071345044661	201.576707137304	216.480870230254	217.604373756154	220.020572827953	217.386877806772	176.682888082465	226.393197427806	177.534240225058	210.690915875002	247.51926455742	189.758085067691	251.064743726856
258.628252938291	178.071343938291	201.80036807699	216.668316815819	218.631557888723	220.238936079393	217.386898657951	176.682034893506	226.393175591671	177.534148462585	211.856804995747	247.943703502018	190.971659801746	251.357438261545
258.62825230799	178.07134330799	202.033281709494	216.879747084953	219.59104391724	220.456865152276	217.386928172261	176.681487096767	226.39314720292	177.533969363285	213.003149494357	248.386994488929	192.181918905089	251.6748738163
258.628252548095	178.071343548095	202.275923526175	217.116788953106	220.471921343406	220.673928365473	217.386962520962	176.68124363589	226.393116823112	177.533723538455	214.140651694887	248.835924321548	193.397425574214	252.01759592573
258.628254291474	178.071345291474	202.526529521828	217.370364827054	221.296909867232	220.887372399396	217.38698739386	176.681473332566	226.393099225217	177.533446272872	215.291994366617	249.278223967674	194.619862835424	252.381455454313
258.62825820151	178.07134920151	202.783049227448	217.630027725148	222.093030974454	221.094146963535	217.386987140034	176.682366738327	226.393110488391	177.533174728263	216.481392749964	249.701745167305	195.85003364237	252.761702750742
258.628264941584	178.071355941584	203.043432174032	217.885330665736	222.887306150807	221.291201767378	217.386946108563	176.684114404708	226.393166691791	177.532946066356	217.733062085344	250.09433966044	197.0887409487	253.153588163709
258.628274635002	178.071365635002	203.306439261327	218.127158080974	223.704025148799	221.47642809171	217.386852328796	176.686790466152	226.393279002129	177.532811477413	219.066763421737	250.447665856231	198.338401848835	253.551583994829
258.628284197895	178.071375197895	203.575649600996	218.354300837483	224.551255664622	221.653308620774	217.386715684914	176.689777728752	226.393429414185	177.532905458385	220.475807149032	250.77598759278	199.611018810412	253.945542210394
258.628289367138	178.071380367138	203.856413928373	218.568456943929	225.431100654966	221.827381959742	217.386554096973	176.692204801883	226.393589196419	177.533393137531	221.943777930113	251.101880570289	200.922118777443	254.323615910902
258.628285877784	178.071376877784	204.154085717161	218.771328902503	226.345653856919	222.004189891589	217.386385497446	176.693199902011	226.393729600712	177.534439690452	223.454245394969	251.447933336469	202.287234141667	254.67395557094
258.628269660081	178.071360660081	204.473793929941	218.964736077383	227.296605260573	222.189160696133	217.38623040935	176.691911901817	226.393820187799	177.536187132401	224.990908261098	251.835582706285	203.720807732379	254.985162695675
258.628240706714	178.071331706714	204.815995021489	219.152929955314	228.277242105268	222.385360434443	217.386163269848	176.687919569478	226.393795322476	177.538295467255	226.540151805157	252.262295723433	205.214606491082	255.255225603194
258.628202848796	178.071293848796	205.176730580879	219.342460038353	229.272912207315	222.593623201589	217.38630945742	176.681207864232	226.393556114299	177.539969265626	228.090899726075	252.702891353648	206.738971820054	255.491001835587
258.628160067795	178.071251067795	205.551869266453	219.539965842044	230.268652395028	222.81469566631	217.386796345922	176.671777655861	226.393002370214	177.540395258757	229.632175153034	253.131301435188	208.263405881055	255.699696343337
258.628116365732	178.071207365732	205.937286863822	219.752085486944	231.249521630352	223.049318754816	217.387750750936	176.659637180038	226.392034445845	177.538761551616	231.153015877658	253.521483162943	209.757449907437	255.888506784426
258.628081984728	178.071172984728	206.331022618419	219.985033648312	232.207297469233	223.296490266561	217.389130024987	176.647030566448	226.390719246772	177.534673238745	232.646910430262	253.855090659681	211.202505191424	256.062417200417
258.628082151864	178.071173151864	206.736311108341	220.244008139833	233.149891500007	223.551022056207	217.390484571993	176.641571220897	226.389523631648	177.528736773498	234.118035345554	254.132261451628	212.608453771965	256.221095854159
258.628144297385	178.071235297385	207.157150754324	220.534057271341	234.087587413565	223.807110540807	217.391304964348	176.65166196583	226.388973262142	177.521705833786	235.572138559727	254.35585058333	213.989365063509	256.363429457309
258.628295851536	178.071386851536	207.597539977102	220.860229352671	235.030668900793	224.058952137413	217.391081774444	176.68570562369	226.389593799922	177.51433409752	237.014968008975	254.528713099327	215.359308480504	256.488304721525
258.628553777579	178.071644777579	208.062389150067	221.226150282434	235.988152179106	224.301240482661	217.389381951563	176.751666662601	226.391818472056	177.507817821842	238.451892216253	254.65481411374	216.730557081707	256.594918256887
258.628863846827	178.071954846827	208.562811360594	221.625771323242	236.960432650554	224.532051089244	217.386291928116	176.854528051092	226.395451804814	177.506363499539	239.885699097073	254.745668961687	218.103165878679	256.684574470711
258.62914218457	178.07223318457	209.112502653376	222.049014989664	237.944315805069	224.750867763308	217.382114461612	176.998031190497	226.400036518525	177.51543115696	241.318101940765	254.815937069505	219.472101998157	256.759455507107
258.629304818435	178.072395818435	209.725167582357	222.485790524027	238.936595306036	224.957178950463	217.377153022222	177.185913391951	226.405114471031	177.540484950078	242.750810496424	254.880288221372	220.832315805433	256.821746401787
258.62926715161	178.07235815161	210.414000344652	222.926133489629	239.934171697319	225.150484409189	217.371774052478	177.421744125708	226.410168417953	177.586856868247	244.185316555636	254.952763234171	222.178848561021	256.873514510729
258.628928645505	178.072019645505	211.179165892394	223.363304383416	240.936674146895	225.33057271203	217.367951658997	177.704807938516	226.413172254292	177.656504729842	245.617547525149	255.031345592844	223.509062051185	256.91382286433
258.628171889433	178.071262889433	212.007039573905	223.793976836196	241.946619683516	225.49753810016	217.369361432313	178.029854394657	226.410502960555	177.74781527286	247.037541701288	255.097024378904	224.822774008849	256.938554841405
258.62687866201	178.06996966201	212.883334155539	224.214988477759	242.966664095863	225.651489501941	217.379760718214	178.391415155303	226.398460786493	177.859003647089	248.435054412254	255.129972103249	226.11992017366	256.943441040466
258.624931224804	178.068022224804	213.793766081371	224.623180613032	243.999461682389	225.792532533493	217.402905685935	178.784019818011	226.373349041674	177.988285476272	249.799849149804	255.110370678655	227.40043613172	256.9242095593
258.622524289602	178.065615289602	214.726431144349	225.017772225169	245.046702618943	225.918629912228	217.441791318422	179.200862898571	226.333450624406	178.134183017362	251.126970925291	255.024484686341	228.664158130581	256.874970618508
258.620702326187	178.063793326187	215.675896154542	225.404448770857	246.10745499683	226.021916402225	217.497342431627	179.6315079459	226.282432238944	178.296052465012	252.425828681339	254.875121490306	229.910652250829	256.785434364761
258.620652900388	178.063743900388	216.637817616943	225.789984636586	247.180345358194	226.093545362152	217.570135233169	180.064907067757	226.224867202205	178.473390445846	253.708250192536	254.667874196911	231.139439077955	256.64456998884
258.623563578035	178.066654578035	217.607852036547	226.181154208847	248.264000245175	226.124670150681	217.660745930671	180.490012371901	226.165328831101	178.665693586489	254.986063233473	254.408335912514	232.350039197447	256.441346681525
258.630349005673	178.073440005673	218.58266651367	226.583205855056	249.35700060231	226.107954892593	217.769336758265	180.897334026423	226.108353157795	178.872661441205	256.268519071472	254.102675867585	233.541727080671	256.16786106843
258.639790220612	178.082881220612	219.566828709734	226.989457937907	250.457570904391	226.047874473882	217.892833617228	181.289562694032	226.058184732329	179.095579997711	257.544726536298	253.761567275198	234.711853145298	255.840659215558
258.649664373927	178.092755373927	220.568623585682	227.38761562374	251.563767903338	225.954460871532	218.026639679199	181.675120092002	226.018930959252	179.336481677835	258.794317222824	253.397802520996	235.856862520912	255.487790915255
258.657742767084	178.100833767084	221.59635776302	227.765351371008	252.673647373754	225.837778443487	218.166149242929	182.062461332243	225.994698443972	179.597403252846	259.996867502432	253.02418633896	236.973195062012	255.13737299165
258.661760888836	178.104851888836	222.658271052127	228.110616798958	253.78537915449	225.707837536237	218.306773788737	182.460479920183	225.989447275039	179.88062491766	261.132534839051	252.653586848067	238.057323896313	254.817106639371
258.65831047733	178.10140147733	223.760469516378	228.420279085051	254.900775954213	225.572923532457	218.444473524787	182.892070334923	226.0024582321	180.196201088031	262.200035049357	252.300896493947	239.106784798122	254.541419093619
258.642627114908	178.085718114908	224.906529215344	228.701776667619	256.025969866454	225.439276509073	218.575859290978	183.396728141172	226.027463794417	180.56340414618	263.220088762681	251.983407985297	240.120373531759	254.308998531596
258.609867703381	178.052958703381	226.099879424544	228.963161301255	257.167343583889	225.313017879846	218.697579675123	184.014912054193	226.057874543713	181.002041276066	264.214693268683	251.718553287653	241.096958962793	254.117619992483
258.55519100311	177.99828200311	227.343949125883	229.212485078711	258.331279109757	225.20026892391	218.806286180565	184.787073969447	226.08710279507	181.531916859502	265.205843195987	251.52376204708	242.035412657814	253.96505967506
258.477378318614	177.920469318614	228.641595008196	229.458459207422	259.522814645042	225.106888517022	218.904313038575	185.740373140696	226.111939393941	182.167373541041	266.210346477924	251.411942966674	242.939870808406	253.851353977744
258.386394772527	177.829485772527	229.993906929779	229.71182976821	260.742839693199	225.037925421512	219.011538668375	186.860930678204	226.139605664343	182.905892037989	267.228998252898	251.38204732028	243.830722992113	253.783517174312
258.294356990173	177.737447990173	231.40163485243	229.983734303519	261.991445646182	224.998272553008	219.151216576939	188.126972921839	226.17932950823	183.741709230755	268.259513175432	251.430341301719	244.731485554394	253.769905917099
258.213381596875	177.656472596875	232.865528737944	230.285310355796	263.268723895941	224.992822827134	219.346600271246	189.51672621147	226.240338827555	184.669061999748	269.299605900052	251.553091104811	245.665674840709	253.818876858438
258.154443907344	177.597534907344	234.386245567803	230.626494114394	264.575826792545	225.025964503827	219.618805379284	191.007928900136	226.331200311556	185.681672412529	270.34694974166	251.745253924862	246.655016873805	253.93764208535
258.11821700893	177.56130800893	235.96360302144	231.006377558056	265.923483598438	225.097530485689	219.96964961386	192.573914447763	226.454512104484	186.768615494103	271.398844856266	251.989971067468	247.705077034958	254.123082078387
258.099909032303	177.543000032303	237.596973559093	231.418300206451	267.327503779537	225.204937224047	220.390713846104	194.18567967879	226.609706254692	187.916501182521	272.452393452672	252.264115938761	248.812848073291	254.366596776881
258.094677930425	177.537768930425	239.285725553122	231.855548761773	268.803743446775	225.345578983045	220.873484955317	195.814199963321	226.796185740321	189.111916782092	273.504695922181	252.544504394767	249.975244026405	254.659535799357
258.097707738427	177.540798738427	241.029279961466	232.31144598502	270.36792275278	225.516748553323	221.409775517086	197.430916934574	227.013608132568	190.341712822689	274.553318761329	252.808293468351	251.189304260394	254.993141950429
258.105250536723	177.548341536723	242.829211081791	232.780791218022	272.030194460268	225.711583462058	222.004735124292	199.026365348466	227.272056396142	191.60351872243	275.614915124189	253.046611126613	252.457200248506	255.354284085436
258.11497796999	177.55806896999	244.689955266578	233.260346361152	273.793311582196	225.917698377384	222.681239915279	200.616457082368	227.595470133111	192.909290375013	276.73150669328	253.269154436133	253.78792466912	255.724017540187
258.124659857779	177.567750857779	246.616146803599	233.747009042296	275.659515376266	226.122326015037	223.463391968877	202.218859056148	228.008747249165	194.271974471044	277.946869599341	253.486904673711	255.190941944623	256.08299559646
258.132066066511	177.575157066511	248.612419748184	234.237676941698	277.631046883355	226.312699275684	224.375293020992	203.851237688961	228.536785429977	195.70451712492	279.30477892519	253.710842826974	256.675716271761	256.411872010003
258.135614221271	177.578705221271	250.680195829131	234.72997125949	279.707150620865	226.47860683298	225.43630556648	205.524339566266	229.201441684338	197.211901253768	280.834527464799	253.947953498259	258.248593551744	256.697850772514
258.13599674246	177.57908774246	252.809615744591	235.224054048978	281.876547931531	226.618812710086	226.649148859548	207.224610239597	230.013894788706	198.771144662324	282.51454918982	254.191186806012	259.904968872656	256.951138958275
258.134405133998	177.577496133998	254.988345167178	235.720644819314	284.12565140397	226.734050095922	228.012890675486	208.933163683842	230.982980746206	200.353129690451	284.312119793206	254.430413743459	261.637834745815	257.186990451438
258.132030899807	177.575121899807	257.204049769509	236.220463079653	286.440873626794	226.825052179405	229.526598789579	210.631113873889	232.117535559966	201.92873867801	286.194514967911	254.655505303824	263.440183682539	257.420659136154
258.129990120392	177.573081120392	259.445260259869	236.723128340931	288.808724759698	226.892712628312	231.190918048378	212.299391209948	233.426680601142	203.469541432126	288.131039467786	254.857200220572	265.304972422661	257.665692805111
258.128608274597	177.571699274597	261.709574804215	237.216729737294	291.216737719766	226.939607278318	233.023024439686	213.917001829801	234.922528519292	204.954313913932	290.112267023645	255.03533303458	267.224782742954	257.917755697041
258.127738929322	177.570829929322	264.000003954786	237.682473894526	293.653055910316	226.969316054981	235.049961427446	215.461803274576	236.618977464912	206.366133454425	292.141466867451	255.195167595042	269.191972603879	258.161837316296
258.127229335493	177.570320335493	266.319630702113	238.101475324301	296.105830905291	226.985432322394	237.298904539922	216.911637712813	238.529949485287	207.688134953269	294.222078145198	255.342040415919	271.198896970386	258.382784298727
258.126928629623	177.570019629623	268.671516410833	238.454876038251	298.563211839356	226.99154543268	239.796989878591	218.244351902419	240.669359493498	208.903436123448	296.357489276359	255.481266317667	273.237911701709	258.565485932471
258.126788119698	177.569879119698	271.05755063481	238.725308148126	301.013215673621	226.991027347094	242.569217183217	219.438041278663	243.05073583206	209.994223408211	298.548340036048	255.616984646259	275.301421114523	258.69714264314
258.126911477848	177.570002477847	273.477875454476	238.897625890979	303.443662264181	226.986925840796	245.6374003248	220.471172119181	245.687030366627	210.941294486374	300.791171258584	255.751581810694	277.381901788091	258.768401361037
258.127414805597	177.570505805597	275.932490396778	238.956864777979	305.842355387913	226.982262242844	249.023093281008	221.322240953781	248.59114793565	211.725333745644	303.082189399354	255.887301220788	279.471836196636	258.770190171673
258.128414204471	177.571505204471	278.421394988663	238.888060320298	308.197098821693	226.980057882298	252.747850029506	221.969744312275	251.775993377582	212.327025573724	305.417600913746	256.026386286355	281.56370681438	258.693437160558
