"ToeTip.X"	"ToeTip.Y"	"KneeElbow.X"	"KneeElbow.Y"	"HipShoulder.X"	"HipShoulder.Y"	"AnkleWrist.X"	"AnkleWrist.Y"	"MetaPhalJoint.X"	"MetaPhalJoint.Y"	"Costal1.X"	"Costal1.Y"	"Costal2.X"	"Costal2.Y"
204.277742614069	251.464612614069	121.809464624785	266.925606450647	90.0783433029448	227.349540225968	155.909521840179	258.868245524899	173.430804036341	256.324947385997	88.941199359714	197.674815663033	69.1899386885093	200.302337285121
205.321804430491	252.508674430491	122.639482913111	267.192927502858	91.8600280048683	227.452459293005	156.462025974653	260.268956579327	174.257225330309	257.604898133926	90.8291436979798	197.903043857422	71.1456347818822	200.66176175712
205.953734244551	253.140604244551	123.646402669801	267.766780861574	93.6654314559579	227.835940408216	157.082032163955	261.469961319983	174.784910728953	258.512616199976	92.5631599258519	198.313347160764	72.8539375145508	201.205626143637
206.266312587145	253.453182587145	124.76202753077	268.617871814728	95.4759351461553	228.453562516419	157.725015385033	262.514065864814	175.085613396301	259.128469813741	94.1857494119315	198.899153097634	74.3926396406636	201.919816741695
206.359203398166	253.546073398166	125.922735180815	269.742739573281	97.256190673761	229.254422244227	158.331277355765	263.454867400021	175.238765413271	259.537489086891	95.7432727588155	199.662520576533	75.8460821783578	202.792561905817
206.334947885329	253.521817885329	127.066815259068	271.148721938763	98.9638565354146	230.185742607388	158.834777365426	264.350473782816	175.327008651239	259.82665279974	97.2837037305157	200.609116428027	77.3013433228397	203.813068971531
206.270400737593	253.457270737593	128.115488624865	272.746753382799	100.619021438655	231.211473094032	159.226096095962	265.218724309137	175.404329900517	260.065543189493	98.8406147549537	201.712398121722	78.8210653966527	204.961805520004
206.213386492936	253.400256492936	128.970918169524	274.339206341304	102.31209412588	232.314349661734	159.559612769784	266.032040213079	175.492367114606	260.304056573355	100.431338040279	202.909450533686	80.4402895967152	206.209301117487
206.192777992109	253.379647992109	129.585638785123	275.76291959697	104.115471474338	233.457704965639	159.879170805221	266.75810730424	175.601439015096	260.572527150495	102.072254789884	204.121572975911	82.1802449790939	207.503237046813
206.196573017982	253.383443017982	130.032883536118	276.949286558064	106.050434477024	234.556944644689	160.19587411288	267.35917988247	175.719331692741	260.857809547757	103.779547396994	205.237546080215	84.0331779247828	208.738875321128
206.208484942175	253.395354942175	130.406034948949	277.86369250253	108.120628059735	235.527798055652	160.514378120523	267.806594858911	175.83485666043	261.140658565813	105.562328528929	206.157963011281	85.9902029922792	209.820346132035
206.220522183546	253.407392183546	130.813429556635	278.579023796146	110.275474610355	236.323852827435	160.830110824462	268.123570186195	175.959218347746	261.402537948843	107.392667003505	206.870094118086	88.0583441785047	210.737979217776
206.227747386574	253.414617386574	131.362325315972	279.19949484269	112.451221070717	236.916674919832	161.13515207299	268.349272756549	176.109184913402	261.626147394353	109.235206666252	207.392421479017	90.2469623518365	211.511541593025
206.229593563036	253.416463563036	132.082239638079	279.778636109978	114.643826122474	237.350294789398	161.417362194104	268.509197853434	176.27845765729	261.807236935661	111.115881210204	207.779957205533	92.52801771608	212.176292358098
206.228537244285	253.415407244285	132.947993812009	280.333948958274	116.890777212827	237.718623995974	161.66167595656	268.619194389945	176.444641882219	261.950595224271	113.102982831157	208.112665539923	94.8478623273092	212.778212901175
206.226547695129	253.413417695129	133.917306499979	280.854421006341	119.218893345757	238.078100572787	161.854139186971	268.691087160288	176.586876640738	262.056922010879	115.24092195814	208.442632348788	97.1790800740495	213.3586189582
206.224778980241	253.41164898024	134.925043975779	281.289318488499	121.638503366945	238.430086899207	161.982477767019	268.731228009616	176.686972289075	262.120806849299	117.538687468706	208.781322877989	99.5325312174588	213.951822684163
206.223992035731	253.410862035731	135.918431059127	281.604313614654	124.142453420287	238.765205105184	162.042747252293	268.746558286458	176.735081153088	262.144110946768	119.978148096888	209.125309509222	101.919917954199	214.566772278535
206.223939389564	253.410809389564	136.887771302547	281.824468234768	126.674106844771	239.054226808608	162.056029060423	268.747102853353	176.746186300039	262.152320905439	122.466721773084	209.435248757817	104.346528472216	215.136654956677
206.224205498692	253.411075498692	137.827052824829	281.982655779957	129.172744572184	239.267628383079	162.046869098796	268.742721912582	176.739064726915	262.174206785094	124.906721964521	209.666811405931	106.811683097323	215.587282755984
206.2245394407	253.4114094407	138.698854875236	282.087500753144	131.614771069868	239.400140857332	162.030800337677	268.738039856185	176.726036637378	262.230119649087	127.263555287082	209.788507814425	109.281585016868	215.893461804938
206.224767113703	253.411637113703	139.455031755281	282.136636679387	133.992158294613	239.457750643805	162.019106908213	268.735351160111	176.716341363876	262.335063054849	129.531312949881	209.776881212392	111.708097575169	216.052846437289
206.22484059735	253.41171059735	140.097070831082	282.115199368843	136.292411263925	239.46385254823	162.015359702215	268.735062494198	176.712998244405	262.470992125919	131.738239059948	209.656580425972	114.038588433034	216.100364104562
206.22482368534	253.41169368534	140.670564947944	281.997404281315	138.499356094918	239.457192936305	162.016298116144	268.735914619003	176.713515826436	262.590713892555	133.942560828932	209.494918997797	116.21717631825	216.103760297881
206.224772313728	253.411642313728	141.220828881605	281.771261810418	140.629888966365	239.469703385235	162.019028687798	268.736919568562	176.715629851941	262.664675818347	136.17811337428	209.356701116733	118.25593886676	216.110790896896
206.224720982428	253.411590982428	141.789870559995	281.450661702572	142.761517662523	239.519898989395	162.021761829866	268.737690385321	176.71784060925	262.697382519212	138.432294728568	209.299441763894	120.291236827401	216.130632670867
206.224694714819	253.411564714819	142.410650438927	281.049780141706	144.974460933659	239.61528135707	162.023195573577	268.737995195121	176.719036226437	262.698543157637	140.69361086923	209.357117762766	122.451653197302	216.159121181441
206.224689753308	253.411559753308	143.081346781506	280.572922450996	147.3339795716	239.725009429844	162.023508514588	268.737966613437	176.719330729947	262.684187254931	142.974767408019	209.472656257363	124.781753748663	216.155149944696
206.224695491472	253.411565491472	143.789307699918	280.020742629378	149.88952086562	239.809717649697	162.023233875957	268.737818003827	176.719134089048	262.670736001412	145.294234555203	209.568426249717	127.296998303093	216.069586526358
206.224704577915	253.411574577915	144.50182354499	279.382772911856	152.577078831063	239.840011698388	162.022759106461	268.737665247669	176.718757311388	262.66344361088	147.667801609486	209.587509204562	129.936719707576	215.864664113595
206.224711558504	253.411581558504	145.176813253039	278.643304508457	155.271637327351	239.792590961848	162.02238560001	268.737569276125	176.718452122749	262.661420225739	150.108638520666	209.485854461994	132.599590891327	215.51024983934
206.224714270896	253.411584270896	145.818642887162	277.811097037851	157.880688407915	239.662344747821	162.02223604461	268.737546209334	176.718324136092	262.662977958268	152.596804108546	209.263234493256	135.21408960547	215.016739585319
206.224714237896	253.411584237896	146.484031717572	276.922550055405	160.349096046858	239.464616118319	162.022232867508	268.737562353001	176.718315094105	262.665603562516	155.075143848799	208.968590814155	137.742780251154	214.440050312388
206.224712974252	253.411582974252	147.213074287787	276.020646553935	162.637689491791	239.225416793578	162.022297596625	268.737588276855	176.718364362384	262.667453240638	157.498577811764	208.641651326037	140.162535455272	213.827328590993
206.224711514058	253.411581514058	148.000258454182	275.160369059475	164.740113547324	238.993253515374	162.022374739588	268.737610807251	176.718426255748	262.668358962812	159.855048746169	208.294342916004	142.479563075637	213.199418068987
206.224710667635	253.411580667635	148.823544906594	274.387513277945	166.656400615067	238.807741515013	162.02242031956	268.737621216013	176.718463980438	262.668440567419	162.130766433185	207.934114115519	144.695242533708	212.56899468083
206.224710430616	253.411580430616	149.60834969403	273.690490844217	168.395432837574	238.644747988065	162.02243360751	268.737621898918	176.718476243084	262.668068201241	164.277911856538	207.565825362044	146.763420929555	211.925606425196
206.224710536178	253.411580536178	150.268101774197	273.040914693152	169.968258289869	238.462305486989	162.022427885049	268.737618711942	176.718473258886	262.667674289742	166.239843281133	207.194804451562	148.628257839379	211.254978437855
206.224710775997	253.411580775997	150.784244750624	272.436467269291	171.376381579095	238.258161322711	162.022414343095	268.737615106912	176.718463628267	262.667434550809	167.990187529827	206.843483533353	150.310472115973	210.591670813191
206.224710984437	253.411580984437	151.18605586562	271.893003917176	172.615174664972	238.057773665886	162.022402620485	268.737612823157	176.718454743496	262.667344610186	169.524683996125	206.546182623091	151.883751493014	210.003922025377
206.224711078268	253.411581078268	151.516564307634	271.423545114371	173.70631274218	237.883699358491	162.022398219664	268.737612116554	176.718450358536	262.66737027586	170.885337136378	206.333859879761	153.394741568005	209.53745837443
206.224711090888	253.411581090888	151.837060223513	271.036518042737	174.709276685573	237.753527832589	162.022400770776	268.737611171442	176.718449058169	262.667439995709	172.179676602023	206.232308421077	154.849852276269	209.204804672953
206.224711061708	253.411581061708	152.196876762548	270.732349327254	175.682364157346	237.678438807754	162.022408485381	268.737608605983	176.718449246731	262.667495195432	173.50286341338	206.255221594542	156.259733144163	209.001880180727
206.224711021135	253.411581021135	152.60457137074	270.488127849321	176.67138901494	237.651216939616	162.022416624083	268.737604848444	176.718449991074	262.667525674274	174.896933851387	206.380579375363	157.657415149187	208.881720319092
206.224710994641	253.411580994641	153.061235661393	270.278961392411	177.718262151764	237.664096540734	162.022419644113	268.737601184229	176.718450701127	262.667531594393	176.390939844334	206.576513289037	159.075196419563	208.793172967952
206.224710985244	253.411580985244	153.569946927529	270.097078002657	178.854223861874	237.729858206287	162.022410311789	268.737602476889	176.718452301165	262.66752126469	177.993802967615	206.789813737117	160.510595577448	208.712728809324
206.224710986447	253.411580986447	154.134335286018	269.941614827675	180.104199830113	237.868776274027	162.022381478394	268.737614780786	176.7184562502	262.667506247163	179.705593338612	206.960981559469	161.948515836029	208.630238928577
206.224710992554	253.411580992554	154.752545905677	269.804584777777	181.459908783899	238.07761687523	162.022341083097	268.737637915026	176.718461944923	262.667494064745	181.521118840842	207.082942298109	163.414957341551	208.565381161099
206.224710998632	253.411580998632	155.417916149261	269.671631490884	182.883663448793	238.332160976768	162.022310567743	268.737666047964	176.718466928811	262.667488639111	183.430379901439	207.195055422696	164.972190983313	208.563970277976
206.224711001732	253.411581001732	156.130083271972	269.526404371896	184.343670554263	238.599815474229	162.022321646627	268.737682601987	176.718466777317	262.667493504432	185.407390591837	207.323133043493	166.656725260407	208.642067048645
206.224711002487	253.411581002487	156.900491772888	269.349316053592	185.82076414386	238.834030011879	162.022423932163	268.737651738511	176.718453590349	262.667511715937	187.397282778513	207.46530605781	168.455730704547	208.759749678259
206.224711001879	253.411581001879	157.736123138179	269.128254718964	187.29943148882	238.997287771778	162.022640031997	268.737547106317	176.718423033109	262.667542341827	189.354099856636	207.611284363235	170.347271067862	208.874501966103
206.224711000781	253.411581000781	158.621080563471	268.882388617007	188.773397435588	239.094147565191	162.02287691563	268.73738850286	176.718386511487	262.667568706057	191.279826234443	207.728877505126	172.293985718966	208.957261368725
206.224710999973	253.411580999973	159.534888295393	268.63340463512	190.239438924448	239.139614250516	162.022999683602	268.737219977723	176.718361632408	262.667569456683	193.188898258235	207.783164811453	174.254017184373	208.982484713197
206.224710999634	253.411580999634	160.467788432781	268.353175344257	191.701311664976	239.148008056743	162.022751663418	268.737205056422	176.71838729398	262.667516289879	195.100137470752	207.765017744536	176.179487228706	208.926094266671
206.224710999613	253.411580999613	161.416751284253	267.987309800665	193.166333687559	239.132749711751	162.021825608492	268.737566548522	176.718511926954	262.667379445674	197.033182060668	207.679702164376	178.020603057503	208.765725313464
206.224710999761	253.411580999761	162.403426394969	267.510777139849	194.634341545286	239.092170590573	162.020378097111	268.738350201638	176.718722718665	262.667196812305	198.962067294757	207.540183231465	179.767361134616	208.505202726938
206.224710999934	253.411580999934	163.477086498674	266.931962012465	196.096714980343	239.007637400719	162.019090006004	268.73940041451	176.718937535125	262.667082583256	200.809528784963	207.367848339745	181.454568336597	208.177781151998
206.224711000033	253.411581000033	164.662166044156	266.272413847282	197.547421782455	238.865351939758	162.019015031733	268.740218889363	176.719008764881	262.667179708162	202.516055436621	207.161808915664	183.111500805884	207.80482528094
206.224711000066	253.411581000066	165.921299941907	265.580415744134	198.987567978065	238.664997945536	162.022016831509	268.73952765486	176.718643693269	262.66768911633	204.070261535169	206.867800855688	184.748829887195	207.376086057231
206.224711000056	253.411581000056	167.208973892989	264.897611032389	200.417869897559	238.404707375186	162.029360472582	268.736206029836	176.717628966763	262.668706934413	205.482799062338	206.428897751999	186.371050939181	206.873487212658
206.224711000027	253.411581000027	168.483420956458	264.210543856559	201.831608735808	238.06427775853	162.038550822144	268.730549007021	176.716278213786	262.669734183564	206.843955485576	205.814432257614	187.964202549043	206.261622304919
206.224711000003	253.411581000003	169.708514888681	263.489531159963	203.219183885887	237.618112728002	162.045491989326	268.723634420947	176.715138824084	262.670050909396	208.263652750639	205.006568207609	189.510755499917	205.501899797961
206.224710999991	253.411580999991	170.905508243608	262.728655121925	204.565202481026	237.048598703874	162.041294991557	268.720687439987	176.715552405718	262.668599451932	209.767808031402	204.042427818555	191.025429182748	204.588152916542
206.224710999989	253.411580999989	172.135346768085	261.938876840744	205.850581673069	236.344033700763	162.014033489831	268.72972209619	176.719380532636	262.664126856764	211.323727404148	202.997119964733	192.545199479644	203.537410751083
206.224710999993	253.411580999993	173.438703840387	261.14377552073	207.073686052929	235.508745778287	161.967019056882	268.753388177725	176.726771822878	262.6573633572	212.904642236454	201.924916147611	194.09296782312	202.39241407453
206.224710999997	253.411580999997	174.826090298754	260.384470510704	208.257957708535	234.569816729814	161.925458628036	268.786573203279	176.735408027628	262.65188252722	214.493987413337	200.849155278396	195.670847485298	201.231989992803
206.224711	253.411581	176.311223865878	259.67723314736	209.445636677112	233.548349242251	161.929418368394	268.812193549383	176.740818594077	262.652447402268	216.087422418295	199.77584677361	197.27819691457	200.112627608566
206.224711000002	253.411581000002	177.924687999483	258.958387951747	210.730444188322	232.441858943659	162.059172448845	268.778454326929	176.732543622704	262.666783642224	217.715518532021	198.665374408317	198.910846440614	199.01417639798
206.224711000002	253.411581000002	179.690814477486	258.154131688498	212.204315186365	231.250532155269	162.395393196844	268.628773320309	176.701686608722	262.700042511121	219.414908103865	197.475828280983	200.567978544182	197.9018147502
206.224711000001	253.411581000001	181.567979182236	257.226007607589	213.878484142014	230.024447248798	162.968230267713	268.319194759797	176.658193490664	262.735494369043	221.218214211804	196.209783496844	202.276830240282	196.739998657093
206.224711	253.411581	183.489051076198	256.153202258848	215.727997476963	228.832722149249	163.783735713198	267.813971587687	176.621773493333	262.746191657468	223.155705301	194.889189588348	204.075342264751	195.495877206875
206.224711	253.411581	185.43516065255	254.963529838168	217.693618833098	227.703186636459	164.799467735513	267.130459627046	176.644769522047	262.688281033235	225.245509601832	193.544139237713	205.978195545308	194.192848074915
206.224711	253.411581	187.430119417882	253.727847972409	219.686230513982	226.627210508618	165.929980440202	266.333096195491	176.808279435514	262.503247775036	227.49457229795	192.212059308301	207.979390943603	192.904086794462
206.224711	253.411581	189.472557944672	252.509299287338	221.659898498994	225.622085364995	167.087716293383	265.481843999895	177.174749380706	262.163533791677	229.869760365939	190.946661675329	210.073835762904	191.687061323699
206.224711	253.411581	191.512423611134	251.354208883012	223.649428384518	224.754743828898	168.183991665314	264.625508132958	177.770746947362	261.699030974486	232.265477173141	189.830925335747	212.259404717199	190.567402141295
206.224711	253.411581	193.499783664768	250.307718483041	225.684518731851	224.085953630399	169.153527442574	263.810816026427	178.598225653195	261.153176674971	234.582388441509	188.942486428584	214.525506678252	189.574758232317
206.224711	253.411581	195.405908833937	249.417395376662	227.740069823575	223.63069118328	170.02514194605	263.080934165559	179.575955911195	260.599134137682	236.77705642674	188.325150907224	216.826423948515	188.768405539901
206.224711	253.411581	197.210138597896	248.727355511743	229.775902063603	223.39022613292	170.848012391331	262.473694513257	180.603898019066	260.113228767478	238.823475253072	188.009247518159	219.105244304317	188.21189811141
206.224711	253.411581	198.917820783451	248.243586413521	231.738865803987	223.344602036554	171.641571762178	261.98516837101	181.60067050613	259.731669436715	240.728129598643	187.977937846634	221.282382897056	187.939391821601
206.224711	253.411581	200.549201236574	247.949555827052	233.570324632309	223.462108979025	172.410391397929	261.586477143344	182.49687637911	259.467273971492	242.515377792332	188.188584074414	223.268398165457	187.967119540067
206.224711	253.411581	202.143306481843	247.78166029499	235.258164015739	223.707366096752	173.200173568078	261.188993502954	183.273896071043	259.292050449064	244.211823678218	188.599549603694	225.047536219029	188.25892309199
206.224711	253.411581	203.760169452597	247.623571458334	236.842784479479	224.040991629979	174.103132684415	260.637088736425	183.970143226623	259.132301970115	245.846439578816	189.170576065944	226.687199729621	188.719866710422
206.224711	253.411581	205.467495826084	247.365639272023	238.381107184916	224.422947615747	175.217172224158	259.774319751932	184.620874886035	258.909785690506	247.460608102127	189.848714915503	228.270846161627	189.25933456703
206.224711	253.411581	207.348380458882	246.920505503334	239.962275864517	224.812156144993	176.647729935637	258.450725746779	185.246788008301	258.541308242553	249.124563514745	190.551039108297	229.909222133308	189.804221838297
206.224711	253.411581	209.477681159567	246.228006082061	241.687181506265	225.176982866565	178.494210704696	256.558553348575	185.876590996279	257.95502839489	250.908657791002	191.199144455444	231.708094551785	190.295038801976
206.224711	253.411581	211.875311334812	245.354228924871	243.694209339402	225.536260502258	180.81859682259	254.207212365122	186.592124295948	257.142563082318	252.862097045285	191.761036695241	233.726445666169	190.730714828078
206.224711	253.411581	214.548075595265	244.411843096437	246.123110398599	225.924527085522	183.664271254193	251.597010133129	187.492309542813	256.130773643043	255.025673122633	192.225267259096	236.004061262932	191.128318667221
206.224711	253.411581	217.566432648354	243.581274946363	248.971640011185	226.365505793304	186.992221384264	249.184899751122	188.671789056073	255.134419371862	257.42086594412	192.649798446573	238.530456840298	191.491872306731
206.224711	253.411581	221.043912661298	243.088796840331	252.13864822548	226.874912480472	190.705789549923	247.603343128285	190.222215359423	254.49892469453	260.055092807117	193.139825464269	241.259947290779	191.817038175655
206.224711	253.411581	225.024250918182	243.087492811114	255.540498993557	227.446986936593	194.705744999339	247.29638692752	192.23566238782	254.536901579588	262.908198900643	193.738094935541	244.143619519157	192.136922335009
206.224711	253.411581	229.450043154395	243.624354609152	259.121507567954	228.045480747435	198.890850658215	248.433276658532	194.804845186599	255.51008496931	265.920991234471	194.396631625832	247.128974427755	192.538424969638
206.224711	253.411581	234.203851391964	244.657002333039	262.817036972164	228.630573127876	203.129534100109	250.968611603891	197.937192232471	257.500981710695	269.017907829971	195.061001391139	250.160669379328	193.084709917344
206.224711	253.411581	239.008766417338	245.89521488828	266.52857005414	229.158696798419	207.198117556432	254.266437542647	201.379707373405	260.057078215267	272.082594668757	195.678351296902	253.175525563722	193.753877993566
206.224711	253.411581	243.574799741946	247.012120008475	270.153362893314	229.58973070218	210.904066479548	257.592330482086	204.848136491668	262.614788572039	275.000669320024	196.199314734886	256.108152686338	194.500054804882
206.224711	253.411581	247.732142553448	247.753778646795	273.604105625013	229.912553842408	214.394131238567	260.307977161295	208.185451064273	264.545134044937	277.725572661631	196.596742478815	258.888125263834	195.222923183848
206.224711	253.411581	251.367591490119	247.905156738019	276.802221289543	230.129265943873	217.949290349712	261.837819711771	211.296922973472	265.21935883797	280.24023254478	196.854769316492	261.445414849068	195.802829432548
206.224711	253.411581	254.469871699157	247.398423849505	279.709654285271	230.258342731283	221.658824194568	262.01560748462	214.24027272102	264.534790539249	282.539018923518	196.991734722551	263.757621746585	196.192160664506
206.224711	253.411581	257.117929489588	246.29618602369	282.324261281553	230.332741483782	225.441544324059	261.037923980939	217.208232708788	262.85537181986	284.626353816634	197.056279435997	265.844589838317	196.407264808608
206.224711	253.411581	259.380605073605	244.646438499724	284.639876245302	230.383797333464	229.235357304895	259.060709941528	220.378412020476	260.492777599996	286.505533263848	197.093650008647	267.721431104334	196.457325241869
206.224711	253.411581	261.302561422296	242.462222476676	286.640709462948	230.438964681716	233.023851514311	256.14267471992	223.892239588754	257.633640457941	288.177159577732	197.140972935339	269.391937196581	196.334385282111
