"ToeTip.X"	"ToeTip.Y"	"KneeElbow.X"	"KneeElbow.Y"	"HipShoulder.X"	"HipShoulder.Y"	"AnkleWrist.X"	"AnkleWrist.Y"	"MetaPhalJoint.X"	"MetaPhalJoint.Y"	"Costal1.X"	"Costal1.Y"	"Costal2.X"	"Costal2.Y"
472.113491367188	428.696923059483	341.203650850672	466.829284689347	285.977098153185	479.855815905883	389.275621771141	433.208669272075	414.644878866422	434.432744541713	251.934708731295	546.475966181877	220.785022185311	553.548171224542
472.374148275436	428.496092172166	342.241787237456	467.503127031673	287.986981851935	479.68556089174	389.511439751032	433.064655269141	415.098932475325	433.657057862767	254.180100257899	546.677105672669	223.046950407362	553.805399276269
472.453770302898	428.287726752964	343.042384121827	467.998991393524	289.885306126874	479.631640383196	389.619517418981	432.827177647629	415.368504526628	432.866475874419	256.27403850563	546.971280596563	225.131736501107	554.117919843303
472.375255299628	428.073531569418	343.634766221532	468.351568978999	291.698516170241	479.691456085649	389.616316516917	432.515175250577	415.477081463446	432.073444896425	258.24704086594	547.353694610316	227.073379508668	554.485993612246
472.161501115676	427.855211389067	344.04825825432	468.595550992196	293.453057174273	479.862409704497	389.518298786767	432.147586921026	415.448149728894	431.290411248545	260.129624730282	547.819551370685	228.90587847217	554.909881269698
471.835465972902	427.634447977829	344.312344142042	468.765824245291	295.175526938124	480.142046873038	389.342075442115	431.743454726852	415.305350711986	430.529958323123	261.952374766743	548.364104855736	230.663348123748	555.389949817524
471.42184486929	427.412261390884	344.461087790123	468.902902803676	296.896913456714	480.532053742469	389.108557697081	431.324790308026	415.076783285363	429.80861281669	263.747811057698	548.984056687014	232.383231365814	555.929624735095
470.947288366377	427.188926614791	344.53371004323	469.053636869634	298.653147968188	481.0387785766	388.843498451601	430.916948963421	414.795565329232	429.14734148102	265.550632910334	549.677738493969	234.106718531659	556.535775265808
470.438551348181	426.964678889303	344.569706850719	469.26521465621	300.480425415445	481.668818346655	388.572908892625	430.545464364431	414.495082470316	428.567347929317	267.395655885868	550.443568861279	235.875199866913	557.215454365834
469.92238869872	426.739753454172	344.608574161942	469.584824376449	302.414940741383	482.428770023859	388.322800207108	430.235870182447	414.208720335334	428.089835774785	269.317695545516	551.279966373619	237.73006561721	557.975714991344
469.423140429757	426.515305614132	344.683439762212	470.051829920238	304.486784612254	483.319473463341	388.113204715845	430.009571095401	413.963666715043	427.730525727141	271.348876385027	552.183336763224	239.708078427687	558.81935748796
468.952441910121	426.297331135782	344.793928525827	470.664431413333	306.69393309487	484.311480332455	387.932699924787	429.866249146641	413.754502585171	427.476292940873	273.507165204728	553.139496145633	241.821655137287	559.726809217199
468.517765268872	426.093411977752	344.928686612278	471.40733984837	309.023838483105	485.365417030404	387.759555774631	429.798467994791	413.565123852243	427.304560044856	275.805889408079	554.130790478774	244.075234601701	560.671166039987
468.126580220196	425.911131018734	345.076353812893	472.265258393658	311.463946966556	486.441904199277	387.57203622721	429.798787169482	413.379420224946	427.192744185065	278.258373707475	555.139563707723	246.473251049021	561.625519564642
467.786203105119	425.757988002853	345.225698710012	473.222827769473	314.001717319949	487.501834398534	387.34865302794	429.859759659153	413.181398796028	427.118399696202	280.877638206211	556.148020445435	249.02009959642	562.56293472681
467.496475719391	425.637431163051	345.371766435493	474.261645330113	316.625221646416	488.519351910862	387.079993500359	429.973619671382	412.960787297017	427.065766719933	283.661858073471	557.131575041022	251.718269314914	563.455176586166
467.246551666419	425.547115292098	345.518577244903	475.358956582403	319.32340907528	489.487550260872	386.77391238655	430.13214557449	412.715493661102	427.028645737474	286.587981031781	558.055932136404	254.567523733409	564.272151450596
467.024762565308	425.484249633443	345.670841633142	476.491672350729	322.085296184293	490.40098028035	386.439592393741	430.327080680103	412.444054926666	427.001572475885	289.63132228927	558.886049640413	257.567416770731	564.983622679138
466.819440035167	425.446043430534	345.833270095112	477.636703459477	324.899899551204	491.25419280108	386.086216229163	430.550168299845	412.14500813209	426.979082662226	292.767197054066	559.586885461883	260.717502345707	565.55935363083
466.620754676257	425.429406242179	346.011471252443	478.773450162107	327.760177391731	492.040838204277	385.723253142826	430.793582282157	411.818703326717	426.956642492905	295.97428085629	560.12345900105	264.017108780504	565.969247720781
466.43170202736	425.429157645392	346.217317205912	479.898673833368	330.686576656056	492.7482871857	385.362170716014	431.052499012059	411.478134383914	426.936207198828	299.25468389958	560.461218495336	267.463991100424	566.18418510631
466.260739073348	425.43922720724	346.465347332522	481.016529008431	333.711250256226	493.361236263489	385.015287510974	431.323373492138	411.141679496286	426.922495338936	302.620495944652	560.56579480067	271.055234348919	566.175461886291
466.116342979953	425.453541206072	346.770110865262	482.131197541306	336.866394359573	493.864372074298	384.694925234456	431.602665449662	410.827736752309	426.920235683079	306.083843628182	560.402819447786	274.787921093759	565.914375696567
466.006923817028	425.46603869298	347.146214880826	483.246848069993	340.184068688892	494.242465609352	384.41335558396	431.886871021067	410.55462855502	426.934139018911	309.656921226383	559.938189286612	278.6591301436	565.372480164123
465.934341108337	425.471905717538	347.613913715125	484.366358958458	343.683011937091	494.488523365505	384.177967872619	432.176040956207	410.333288166322	426.967160539123	313.358526638273	559.163704182009	282.665573306276	564.546321236531
465.888498885532	425.468604243463	348.203768594853	485.490253673717	347.357650401494	494.610582574659	383.987240506441	432.476713578972	410.161162824589	427.019051275788	317.219510126043	558.118439949075	286.803292571353	563.478058690775
465.858028843539	425.453838443588	348.947437634687	486.6188050681	351.19982298667	494.61828008134	383.838703567912	432.796117638922	410.034264548071	427.089221265294	321.272004597891	556.846503641012	291.068258644477	562.214706654425
465.831562677289	425.425312490743	349.876578949305	487.752285993937	355.201368597188	494.521252730077	383.729887139519	433.141481885616	409.948605355014	427.17708054403	325.548142962017	555.392002311024	295.456442231291	560.80327925505
465.798741942398	425.381343288835	351.021971809056	488.891028687336	359.350444616017	494.330469377657	383.657985940612	433.518895744893	409.899908754437	427.281320589944	330.076244106389	553.80250980398	299.963643547725	559.29360354455
465.758697334672	425.326005259758	352.406137437298	490.035923383126	363.600615065952	494.069415113273	383.617043456058	433.923743005023	409.881187282909	427.393880957815	334.848788537487	552.158175618479	304.584060805785	557.761938174344
465.715758754558	425.266527433055	354.047072382301	491.188166049795	367.886489885934	493.768432807993	383.599376574568	434.345541717294	409.88396810527	427.503001749195	339.838620517012	550.556997813339	309.311014461842	556.299023960957
465.674309356874	425.210171150261	355.962726847024	492.348955787398	372.14248487216	493.457935575719	383.597284499692	434.77374985147	409.899763172009	427.596885172908	345.018383176695	549.097157266473	314.137815981599	554.995750058724
465.63872680495	425.164187562305	358.170943664841	493.519456802025	376.303069003319	493.168288861209	383.603080821805	435.197826822382	409.920092273982	427.66375406249	350.360656553971	547.876695311821	319.057742091135	553.942856865852
465.611902627653	425.133069987688	360.66050877451	494.69139012012	380.317103768924	492.916957646553	383.612972567224	435.607623116135	409.938597002504	427.697412814863	355.820945792287	546.95588919631	324.054668105971	553.190827654232
465.593238512005	425.114835615552	363.351974741931	495.834301652511	384.167248129644	492.691113171491	383.63230959289	435.993907558955	409.953901504787	427.704772833059	361.314659609674	546.306335973618	329.090392311008	552.695611178342
465.581635733005	425.106573016172	366.156110079344	496.914557597347	387.841007300366	492.47358282482	383.667752755654	436.347580658804	409.965344381868	427.694624947231	366.751457256399	545.886916753112	334.123547342972	552.399600790773
465.575995565653	425.105370759827	368.983683298989	497.898524152771	391.325886495982	492.247193995342	383.725962912365	436.659542923643	409.972264234783	427.675759987529	372.040997982724	545.656512644159	339.112765838591	552.245189844116
465.57520422022	425.108387995344	371.748167422976	498.754646878449	394.612048261151	491.997023126107	383.812866746126	436.921188998239	409.973951015951	427.65629163138	377.097926410284	545.575339658538	344.018108893474	552.176844653178
465.577952021567	425.113701598478	374.39820198658	499.478409096089	397.72420817486	491.737390922458	383.924844540889	437.130338746439	409.969062103918	427.635528596599	381.90171152309	545.620971431213	348.818211733311	552.165986085199
465.582792306528	425.120030236529	376.907019429691	500.084202373985	400.711245698173	491.503069402312	384.051600522545	437.28930536355	409.955812501015	427.606622051894	386.477155754993	545.783120257849	353.504698981039	552.202885063254
465.588275601024	425.126105745972	379.248356823776	500.586806266261	403.622536120449	491.329250232191	384.182701928301	437.400494245333	409.932408132281	427.562596816773	390.849991754908	546.051747512111	358.069461794195	552.278199302202
465.592952674125	425.13066020679	381.39596378001	501.00100026292	406.507449990288	491.251115773343	384.307717012503	437.466311566616	409.897055921293	427.496479356916	395.045953059216	546.416814887036	362.504396501979	552.382590465864
465.595793476608	425.132845506486	383.345208367673	501.341453319645	409.407184786563	491.287806087706	384.417967587553	437.490506614225	409.849684269539	427.404134132891	399.092303197606	546.868834671182	366.810315374543	552.513528222642
465.597047144277	425.133094627323	385.157430064444	501.622497082911	412.337996851353	491.409506169564	384.510126665904	437.480927347961	409.795474882041	427.290086098958	403.020974664252	547.399999363688	371.015238782608	552.689257712017
465.597205957782	425.132084059403	386.906508056876	501.858399084157	415.311401767037	491.577095735181	384.581884405054	437.446200794908	409.740608000893	427.160506378104	406.864787420447	548.002820834643	375.152358756378	552.931973032042
465.59676219777	425.130490292831	388.666321531524	502.063426854819	418.338915115992	491.751454500821	384.630930962498	437.394953982153	409.691263868191	427.021566093318	410.656561427481	548.66981095414	379.25486732606	553.263868280774
465.596183719829	425.128970790598	390.509290149163	502.251283670121	421.43113329368	491.894435490901	384.655329626473	437.336291807244	409.653386840997	426.879409588024	414.428920523831	549.391563540073	383.354887805907	553.704514909694
465.595480522751	425.127826345423	392.480474219254	502.42509561355	424.581422196388	491.986136751667	384.660138159147	437.288277026576	409.6284995241	426.739679212813	418.210812153221	550.122717811552	387.464510033831	554.224321888932
465.594255973311	425.127040983832	394.600635649845	502.578594947529	427.767844960452	492.022860107708	384.65662625854	437.276928054833	409.614197473347	426.607571488132	422.027918677736	550.785980970589	391.578031706244	554.750035979934
465.592099303409	425.126587721293	396.88969171601	502.705187397322	430.967932785338	492.001470640643	384.656279554811	437.328539852104	409.60793973704	426.488267436997	425.905808962466	551.302950235285	395.689132049676	555.206886208864
465.588599744946	425.126439573275	399.367559692822	502.798278688192	434.15921687051	491.918833432093	384.670583678122	437.46940737848	409.607185363483	426.386948082426	429.870051872499	551.595222823742	399.791490290661	555.520101601885
465.583699718261	425.126577143881	402.036221986099	502.85159943397	437.325695418359	491.77007886546	384.711432654117	437.721117288255	409.609760719758	426.307844137873	433.931950271016	551.604227759789	403.880520342431	555.629633271363
465.578754397435	425.127011391766	404.825921524634	502.860179802772	440.47723464298	491.543398531277	384.792354090368	438.086423012541	409.614961448054	426.251385078545	438.045743013566	551.350721290168	407.958574865024	555.534320674489
465.575472144988	425.127760864221	407.648966367964	502.819374851279	443.630167761395	491.225249321857	384.927283989936	438.563369676649	409.622450509341	426.217050070089	442.151402953794	550.875291467346	412.029741205178	555.247725354658
465.575561323439	425.128844108537	410.417664575626	502.724539636175	446.800827990625	490.802088129516	385.130158355876	439.150002405896	409.631890864586	426.204318278151	446.18890294534	550.218526343792	416.098106709632	554.783408855265
465.58068569449	425.130269596744	413.045831617767	502.571653297305	450.005019049382	490.261345191927	385.414754199441	439.844119793651	409.642912010849	426.213132538357	450.099332138471	549.42145775978	420.167140767433	554.155921565707
465.591225943545	425.131755955778	415.490648153002	502.374648598879	453.243312049044	489.618451946087	385.790274655614	440.636428202355	409.654180755458	426.256774544315	453.855893304727	548.537884443153	424.222535360765	553.408260997159
465.606118046346	425.132695454734	417.758122884462	502.167673606849	456.499126591781	488.920368431897	386.260772796805	441.509648331754	409.663279942804	426.363545187619	457.467948295882	547.635980296331	428.22996558628	552.615455360483
465.624220908426	425.132462952656	419.856869320817	501.985954802869	459.754967306689	488.215736630044	386.830026957584	442.446074874398	409.667734591644	426.562546581591	460.946787924278	546.784686087059	432.154038709736	551.854241592434
465.644393435316	425.130433308589	421.795500970736	501.864718668592	462.993338822861	487.553198521212	387.501815472521	443.428002522838	409.665069720735	426.88288083955	464.303703002256	546.052942583085	435.959361996892	551.201356629765
465.663984247037	425.126210646029	423.588608813904	501.836003545267	466.193556327048	486.979926882565	388.276667334464	444.445317127631	409.653242106795	427.350551115584	467.551424557671	545.499634058099	439.619459387466	550.721334179374
465.672396351524	425.120605248753	425.282231305012	501.915074967471	469.318155349831	486.535365011543	389.138016749461	445.527841621618	409.632480005176	427.975256939249	470.710260592188	545.130737570563	443.154765442854	550.414506755893
465.656429024492	425.114822652449	426.932712058784	502.111702115723	472.324172823194	486.256423298714	390.063696058432	446.718486094042	409.603756021959	428.761355234383	473.803002039017	544.934892783188	446.601087070354	550.26016850568
465.602880031366	425.110068622074	428.596400667411	502.435650982402	475.168642489674	486.180010665444	391.031534352955	448.060168225309	409.568043194978	429.713199825863	476.852441271582	544.900729302189	449.99424009394	550.237601371866
465.498732594616	425.107559583028	430.329201490287	502.896270919749	477.809586774924	486.342149806508	392.019759057026	449.595228980058	409.526516758992	430.835017218632	479.881159895326	545.016581761676	453.369665625433	550.325958173731
465.34000806961	425.109031490865	432.165320744572	503.482606583452	480.2532109582	486.735673717734	393.026010076076	451.337903440659	409.490205889384	432.124829060107	482.901467869828	545.256409514484	456.744543414243	550.498098960387
465.135651849153	425.116963200941	434.107937486682	504.154668019814	482.574619173219	487.291656479493	394.075686105919	453.262236809736	409.484230359544	433.57178438964	485.91098726093	545.573616044748	460.109940456856	550.717885462596
464.895603259866	425.133890701938	436.157844603495	504.870232344421	484.85421427726	487.936422551528	395.196320655173	455.339183453869	409.534793591992	435.164349891299	488.906210549822	545.920023970465	463.454915526832	550.948487387982
464.629801628373	425.162349982538	438.315834981892	505.587076672856	487.1723991276	488.59629639358	396.415447232456	457.53969773964	409.668099009245	436.890992249152	491.883630217695	546.247455909634	466.768527397732	551.153074444167
464.348866563364	425.204123913164	440.581761998441	506.26685627502	489.603311074423	489.204222891454	397.759332121044	459.834403814331	409.90835143711	438.739321557263	494.838904005011	546.513323194403	470.038084832696	551.299812601997
464.068161917724	425.255743165015	442.948926944094	506.898272424306	492.177392216801	489.73931736456	399.245404054664	462.191622896686	410.265817614021	440.690974105058	497.761868223074	546.714012496759	473.238692132627	551.391711456744
463.805071860766	425.311501782362	445.407840931723	507.481543820849	494.90647721504	490.200356617117	400.887328333764	464.578695513021	410.744828802578	442.725042262404	500.639880152086	546.8625079731	476.340256379554	551.446618614481
463.576988027171	425.3656855448	447.949004764075	508.016931723404	497.802331972168	490.586190105478	402.698756352339	466.962958565847	411.349694332903	444.820608999004	503.460287911854	546.971855110021	479.312665451004	551.482436509957
463.401201454316	425.412604574324	450.562846013231	508.504739583756	500.87649668309	490.89573386574	404.693182125381	469.311802848835	412.084668563546	446.956724397088	506.210498078378	547.055123828911	482.126003194027	551.517012093574
463.285181901884	425.448945532089	453.232642768675	508.949390143294	504.118475742105	491.134404089484	406.868734813672	471.597880529505	412.948638998496	449.10922774701	508.883624283935	547.127769611125	484.769485887798	551.562775399482
463.218474180017	425.475732533689	455.928624500485	509.362824315755	507.477555699542	491.319480491828	409.195500970415	473.803446381453	413.930698021379	451.248098278544	511.483196188018	547.209601856456	487.267248677555	551.622269973185
463.188715475876	425.494451298686	458.619632008368	509.757783119685	510.898743010922	491.469505337056	411.640582776522	475.911777114314	415.01889559187	453.342691577516	514.013851952709	547.320893320803	489.647142871376	551.696987212565
463.18354297662	425.506587546638	461.274506092032	510.147007573632	514.327044131769	491.603020889454	414.171082412908	477.906149437726	416.201281669643	455.362363229754	516.480229740086	547.481916760068	491.937019777342	551.788418515507
463.191884356924	425.513142359668	463.864452390399	510.542071166135	517.709879550076	491.738448832501	416.753481945388	479.769928097478	417.466219835418	457.277563723228	518.886111003607	547.711454316969	494.163381539657	551.898687360826
463.214793337224	425.510562931782	466.382897717114	510.943576708268	521.017353172229	491.893077814009	419.348436537953	481.487305069668	418.805020605147	459.069031776777	521.227227147549	548.014281610755	496.34005290528	552.035856565946
463.259967632265	425.492801331427	468.835444112713	511.346116055833	524.231997399912	492.083575679043	421.913408730772	483.042925579012	420.210609153123	460.723143144492	523.494898865395	548.387499931871	498.473912535293	552.211243177461
463.335173009846	425.453784069995	471.227818326049	511.744219495669	527.336471937304	492.326603913917	424.405828362631	484.421439492756	421.675927192249	462.226331319441	525.680401672632	548.82813196421	500.571767943467	552.436197574363
463.448154753885	425.387450184692	473.56574311739	512.132406301741	530.313462635418	492.638790899081	426.783211728385	485.607529854021	423.193937078569	463.565075288044	527.775044608452	549.333181871443	502.640421816888	552.722042368324
463.601114698344	425.29112851037	475.853861836493	512.502215389131	533.152731332205	493.027805741665	429.026472296473	486.594857926123	424.763187717792	464.738165674902	529.779209064098	549.894641782812	504.685370622139	553.072585640824
463.783237171605	425.170108034875	478.094283088051	512.838186991833	535.860656178594	493.480278774864	431.171466366967	487.39816823866	426.395346730876	465.773304129333	531.714580743903	550.492734228003	506.709043470119	553.47398934332
463.981839908507	425.0308191606	480.288752017053	513.123857795748	538.44599795576	493.979823560394	433.261928549199	488.03522847251	428.103962844878	466.702337882284	533.605900199613	551.10599408169	508.713429640432	553.909885130497
464.184240643893	424.879692289934	482.439013768486	513.342764486775	540.917517444877	494.510053659968	435.341593452498	488.523806308551	429.902584786856	467.557114164705	535.477907982972	551.712956218545	510.700518412685	554.363904657038
464.378053906382	424.723102676112	484.549003232842	513.478764125024	543.287174370378	495.054310468861	437.455152702711	488.880667554035	431.805525832681	468.367294123283	537.35634020252	552.292595705469	512.674258146715	554.820030417695
464.554753409054	424.566708472563	486.651128376275	513.519879569387	545.608524045413	495.592396425117	439.659741930505	489.109550738152	433.83704062183	469.134113435872	539.279878107631	552.829611391659	514.664070956974	555.266806850909
464.708511698241	424.415666345205	488.797709165608	513.457046935798	547.964210716143	496.101639077187	442.021199199519	489.205084058191	436.028336061283	469.838929072414	541.296255838769	553.312704923841	516.717193451336	555.695968687134
464.833556698707	424.275122669732	491.041474149914	513.281262118467	550.437475516102	496.559315190276	444.605541142069	489.161708772922	438.41076171436	470.462690103747	543.453393296267	553.730660083735	518.881227780339	556.099316119696
464.924118077736	424.150223054165	493.435154171964	512.983527000738	553.11154946223	496.942704775912	447.478779356741	488.973869259201	441.015666057324	470.986346158495	545.799204694571	554.072263019868	521.203771494818	556.468648704302
464.977429605877	424.044789630164	496.03543440715	512.56516872937	556.052222571511	497.234684503822	450.698247288082	488.641385473585	443.872523481217	471.391808488503	548.371801780917	554.330380258546	523.724492254535	556.794666744778
464.999892447694	423.958605777012	498.911067167709	512.059023274109	559.272061484594	497.435209940937	454.294795916382	488.18048162136	447.005089373403	471.663922858235	551.179382857066	554.510330105357	526.458858672309	557.06471604139
464.999650287046	423.890687196289	502.133098462294	511.503915736613	562.773516252827	497.547482975651	458.294242489891	487.610499993484	450.436032064852	471.788092818247	554.224460338925	554.619797674345	529.417739656162	557.265504777304
464.984846807792	423.840049589576	505.772574299557	510.938671218543	566.559036927553	497.574705496355	462.722404256858	486.950782880915	454.188019886534	471.749721919096	557.509546642403	554.666468079554	532.612004114115	557.383741135683
464.963550416958	423.805741822129	509.900441600467	510.401856091057	570.631510596779	497.519939150357	467.605315922758	486.220537873312	458.283768130256	471.534189614979	561.037399813674	554.657924188904	536.052719661436	557.406160844753
464.942418429444	423.787434424608	514.585789850632	509.927186726293	575.002016762525	497.383616713841	472.973088509268	485.436447534553	462.746872386091	471.126423664916	564.815382329281	554.599832228824	539.754678754338	557.320015975064
464.926854940272	423.785350041474	519.896058909201	509.54407211272	579.688910777843	497.163836208601	478.859453298152	484.612951901302	467.60171005507	470.510950668172	568.854945954869	554.496156217106	543.735981956728	557.113017171386
464.922220481483	423.79973050913	525.898631292911	509.281771510504	584.710800910517	496.858614498392	485.298267414473	483.764413058079	472.872685714632	469.672283279359	573.167684603231	554.35080100133	548.014844825129	556.772891018916
464.933875585117	423.830817663981	532.660889518498	509.169544179817	590.086295428329	496.465968446968	492.323387983293	482.905193089405	478.584203942219	468.594934153091	577.765192187159	554.167671429073	552.609482916066	556.28736410285
