"ToeTip.X"	"ToeTip.Y"	"KneeElbow.X"	"KneeElbow.Y"	"HipShoulder.X"	"HipShoulder.Y"	"AnkleWrist.X"	"AnkleWrist.Y"	"MetaPhalJoint.X"	"MetaPhalJoint.Y"	"Costal1.X"	"Costal1.Y"	"Costal2.X"	"Costal2.Y"
204.174411912469	262.495686534498	140.246642888049	214.86475818812	112.365964022567	200.004407872314	154.164887235496	236.789812982408	168.81132098643	248.578409730624	117.378272392363	169.267692398722	100.961974454107	173.360176657214
204.29177717828	262.311364994831	141.627759454167	215.399077568208	114.049302928758	199.986910145886	154.164885799521	236.789812234023	168.811320995566	248.578396197691	119.731672390239	169.176705140251	103.129425293732	173.318488914167
204.379171671539	262.174112397611	142.963863059341	215.861622183986	115.782818929181	199.87031316138	154.16488629026	236.78981204998	168.811321013927	248.578388108849	122.053526342985	169.056556018335	105.267413507028	173.129616836695
204.440467369969	262.077847821959	144.26159499859	216.263133831921	117.560112706064	199.670504898494	154.164888197972	236.789812276303	168.811321038705	248.578384147815	124.348919939859	168.909350925877	107.386459765112	172.813945859144
204.479536251291	262.016490346996	145.527596566934	216.614354308479	119.374784941636	199.403373336931	154.164891012918	236.789812759016	168.811321067092	248.57838299831	126.622938870118	168.737195755777	109.497084739099	172.391861415858
204.500400346387	261.983723394138	146.77002853319	216.926337839098	121.220515349822	199.084908535866	154.164894043587	236.789813354524	168.811321092956	248.578384385997	128.881430879475	168.541013005096	111.610991259256	171.883710614003
204.507681898777	261.972287753972	148.003129561365	217.211388365105	123.09129977133	198.731508872391	154.164895871387	236.789813960765	168.811321096863	248.578392204319	131.133291939473	168.316991587523	113.744610792457	171.309687252019
204.506153205141	261.974688559379	149.242657789267	217.482122256799	124.981213078568	198.359674803073	154.164894895955	236.789814486061	168.811321056058	248.578411388663	133.388180078109	168.060137020905	115.91555696473	170.689946801167
204.500586562157	261.98343094324	150.504371354703	217.751155884482	126.884330143939	197.985906784479	154.164889516928	236.789814838734	168.811320947781	248.578446874418	135.655753323382	167.765454823087	118.141443402101	170.044644732706
204.495004000707	261.992198326968	151.796431026489	218.029543473589	128.79433068137	197.626194875788	154.164879042795	236.78981487519	168.811320765902	248.578498387247	137.941859421007	167.43386749113	120.433972934836	169.394128153801
204.490426488482	261.999387286117	153.096608097484	218.322090670117	130.70331377086	197.29448754662	154.164866417456	236.789814244173	168.811320570784	248.578544813917	140.237104987559	167.089965438943	122.781205210167	168.759510715237
204.487124727374	262.00457268477	154.375076491558	218.632040975197	132.602983333929	197.004222869203	154.16485549366	236.789812542513	168.811320439421	248.578559831472	142.528286357332	166.764256059646	125.165289079565	168.162097703701
204.485369419276	262.007329387014	155.602010132579	218.962637889963	134.485043292095	196.768838915768	154.16485012416	236.789809367038	168.811320448801	248.578517116955	144.802199864619	166.487246746362	127.568373394502	167.623194405881
204.485277657403	262.007473498562	156.756257778622	219.317973153495	136.343802921599	196.596268238967	154.164854378901	236.789804797934	168.811320669048	248.578397644926	147.04969619373	166.282978425911	129.974254987419	167.159699986789
204.486352100256	262.005786091651	157.851367524575	219.705531456671	138.183992917572	196.472421313137	154.164873196613	236.789800848806	168.811321142808	248.578211580013	149.277843429048	166.149626159911	132.37332261465	166.770889124719
204.487941797659	262.003289480144	158.909562299532	220.133645728315	140.012949329864	196.377703093041	154.164911733222	236.789800016617	168.811321905859	248.577976384361	151.497764004973	166.078898543683	134.757613013495	166.451630376291
204.489395799435	262.001005977907	159.953065032586	220.610648897252	141.838008208328	196.292518533438	154.164975144651	236.789804798328	168.811322993981	248.577709520114	153.720580355907	166.062504172543	137.119162921259	166.196792298122
204.490207324845	261.999731481452	161.001052156722	221.142715178114	143.664805740778	196.202546048464	154.165060048932	236.789816766109	168.811324284946	248.577467400168	155.954956470987	166.091613852434	139.451787636245	166.000502554398
204.490446270902	261.99935621789	162.060514120486	221.727383928766	145.492178666893	196.114557889744	154.165128912512	236.789833792956	168.811325024514	248.577462240413	158.19972255831	166.155247231789	141.756416700767	165.853925239578
204.490326704057	261.999543996979	163.135394876315	222.360035792876	147.317263864313	196.040599768278	154.165135663946	236.789852827074	168.811324300438	248.577945207491	160.45125038071	166.241886169663	144.035758218138	165.747483555689
204.490062690761	261.999958628478	164.229638376645	223.036051414116	149.137198210681	195.992717395065	154.165034231786	236.789870816667	168.811321200473	248.579167468042	162.705911701021	166.340012525114	146.292520291671	165.671600704758
204.48983168881	262.000321415847	165.344128311306	223.752214790388	150.949596414404	195.984250714391	154.164794390873	236.789882680463	168.811315341419	248.581178045807	164.960340074658	166.444172663657	148.52774654353	165.621034212324
204.489664721388	262.000583637349	166.467507319702	224.510923336522	152.753984506959	196.033716603677	154.164449301187	236.789875219283	168.811308456255	248.583217392926	167.21221622736	166.573170976657	150.735822671269	165.607878897978
204.489556203021	262.000754064951	167.585357778628	225.315977821582	154.55036635059	196.160926173631	154.164047968995	236.789833204473	168.811302807006	248.584323818637	169.459482677446	166.751876361936	152.909469891288	165.648563904822
204.489500548238	262.000841470617	168.683262064879	226.171179014631	156.33874580754	196.385690534959	154.163639400563	236.789741407378	168.811300655696	248.583535632179	171.700081943236	167.005157717319	155.041409419989	165.759518375957
204.489490457606	262.000857318063	169.748277073071	227.078693551013	158.117421590842	196.722922461829	154.163333086737	236.789597965225	168.811304273579	248.58016172043	173.931878761364	167.353383567226	157.132956191898	165.955016387128
204.489511775848	262.000823838002	170.773357769097	228.034151531203	159.877871816679	197.167941382256	154.163480456681	236.789454478772	168.811315968825	248.574593280824	176.152426741726	167.798920942467	159.219800014031	166.240711744645
204.489548633728	262.000765952897	171.752933636667	229.031548921956	161.609869452024	197.711168387712	154.164493424139	236.789375914658	168.811338058831	248.567492088434	178.359201712533	168.33963650045	161.346224411528	166.620103187457
204.489585162005	262.000708585212	172.681434159494	230.064881690028	163.30318746385	198.343024569671	154.166783902853	236.789427239523	168.811372860998	248.559519918332	180.549679501997	168.973396898581	163.556512909529	167.096689454516
204.489608754095	262.000671533473	173.55814377403	231.128770219772	164.952195531226	199.053581386111	154.170385308769	236.789662603302	168.811418015103	248.552400408001	182.723570731535	169.700518789829	165.880014683773	167.674341322567
204.489619854011	262.000654100448	174.401766727693	232.220332565923	166.569650181612	199.831511761013	154.173817066636	236.790092889105	168.811452450443	248.552104644555	184.889525195397	170.531118809399	168.286341512397	168.358417719528
204.489622168419	262.000650464969	175.235862220641	233.337311200813	168.172904654564	200.66513898486	154.175220103406	236.790718163339	168.811450418697	248.565665577518	187.058427481036	171.477763588059	170.730170824138	169.154649611112
204.489619403986	262.000654805866	176.083989453033	234.477448596772	169.779312189637	201.542786348135	154.17273534603	236.79153849241	168.811386171542	248.600116156414	189.241162175909	172.553019756574	173.166180047731	170.068767963032
204.489614800202	262.000662035745	176.964390360877	235.638329012631	171.408763818837	202.454608889361	154.165177842919	236.792432724979	168.811244014002	248.660146719947	191.445871098538	173.761591539798	175.557803332733	171.100830840762
204.489609727853	262.000670002304	177.874037823567	236.816903853211	173.091301743967	203.398088639206	154.154059128323	236.79279483873	168.811048464479	248.741077163544	193.669724991708	175.076733538927	177.903501711978	172.228204708823
204.489605090555	262.000677287018	178.804587456346	238.009966309832	174.859505959275	204.372539376378	154.141564857949	236.791897593603	168.810834094723	248.835884771812	195.907151829272	176.463837949243	180.21049293912	173.422583131497
204.489601791918	262.000682471361	179.747694874458	239.214309573814	176.745956459013	205.377274879583	154.129880687506	236.789013749536	168.810635476483	248.937546829357	198.152579585085	177.888296966027	182.485994767815	174.655659673066
204.489600469639	262.000684553834	180.693816298245	240.421372926941	178.765806827588	206.408849539666	154.122612629962	236.783901024862	168.810515622725	249.038964282259	200.401875896577	179.315971951736	184.736820513356	175.901799560267
204.48960069775	262.000684201059	181.628610368444	241.601180012857	180.864505010031	207.452780196015	154.12904812732	236.778256971482	168.810651311281	249.13273272249	202.656667055499	180.714600937522	186.968165737603	177.146054669645
204.489601784366	262.000682496687	182.536536330894	242.718400565669	182.970072541531	208.491824300155	154.159894978846	236.77426409969	168.811247761202	249.211371403491	204.92001901718	182.05239112171	189.184821564057	178.376148540201
204.489603037601	262.000680524366	183.40205343143	243.737704319487	185.010530957276	209.50873930361	154.225860983801	236.77410491978	168.812510191535	249.267399578708	207.194997736951	183.297549702627	191.391579116216	179.579804710934
204.489603899936	262.000679157595	184.213715379064	244.628666356027	186.927269810002	210.485661504519	154.333954766415	236.779603335793	168.814439038952	249.296239032485	209.478755108882	184.429407581945	193.591927999797	180.743073455427
204.489604351314	262.000678429263	184.976453735495	245.380483147442	188.715150722633	211.402242587467	154.476388250776	236.791148826748	168.81621561061	249.304921672769	211.744786782004	185.471790474731	195.784151749379	181.845311985583
204.489604506044	262.000678162107	185.699294525596	245.987256513493	190.382403335641	212.237513083655	154.641674185936	236.808772265412	168.816816431286	249.303381938411	213.960674344088	186.459647799395	197.965232381758	182.864204247887
204.489604478433	262.000678178864	186.391263774241	246.44308827394	191.937257289498	212.970503524282	154.818325320949	236.832504524553	168.815218025758	249.30155426826	216.093999382907	187.427928974351	200.13215191373	183.777434188825
204.489604369332	262.000678326713	187.058988643957	246.745586019363	193.394881474699	213.585232326072	154.998333189354	236.858863003017	168.810790057304	249.307094243215	218.124482604474	188.397468640017	202.279192690988	184.567376522005
204.489604225761	262.00067855061	187.699500847897	246.906380423615	194.79820178183	214.085669447854	155.187604462648	236.870311203972	168.804474743192	249.31854201238	220.080401187772	189.332642324839	204.389838374824	185.235169029535
204.489604081281	262.000678819951	188.307433236869	246.940607931368	196.197083351501	214.480772733978	155.395524596813	236.845799156666	168.797607439192	249.332158866904	222.002171430024	190.183710779268	206.444872955427	185.786640260643
204.489603969455	262.000679104134	188.877418661679	246.863404987291	197.641391324321	214.779500028798	155.631479047832	236.76427689035	168.791523501071	249.344206097941	223.930209628455	190.900934753756	208.425080422987	186.227618764561
204.489603915094	262.000679369903	189.409465035564	246.690690349848	199.169528395319	214.992778975469	155.903282050939	236.609287548879	168.788288675812	249.349076918421	225.893944131819	191.451445437745	210.322773968985	186.566153748234
204.489603908017	262.000679573393	189.92508052148	246.441512032657	200.774047477206	215.139416412365	156.212462958367	236.382746734545	168.792890275248	249.333692228391	227.878851494994	191.869855776637	212.176383590066	186.819177049476
204.489603929292	262.000679668086	190.451148344808	246.135700363128	202.436039037114	215.240188976663	156.558979901603	236.091163164248	168.811046002426	249.283104849678	229.859420324387	192.207649154825	214.035868484166	187.00584116382
204.489603959988	262.000679607464	191.014551730933	245.793085668673	204.136593542175	215.315873305538	156.942791012133	235.741045554887	168.848473560392	249.182367604109	231.810139226406	192.516308956701	215.951187849223	187.145298586795
204.489603984539	262.000679346537	191.639407615485	245.432362424849	205.859299652486	215.385501759099	157.364072518606	235.342391680907	168.908410720648	249.02335662915	233.715432621529	192.837373362397	217.958236489994	187.257377989211
204.48960400084	262.000678846426	192.338767775077	245.06768169981	207.597738800009	215.461129589177	157.823873038342	234.919155546932	168.984175528518	248.825241324826	235.599468186508	193.172599735001	220.036651638531	187.364612742988
204.48960401015	262.000678069783	193.12291769657	244.712058709856	209.347990609669	215.553067770531	158.323459285825	234.498780215132	169.066606097779	248.614014406803	237.496349412166	193.513800233339	222.152006133708	187.490212395324
204.489604013728	262.000676979258	194.002142866823	244.378508671289	211.106134706393	215.671627277925	158.864097975538	234.108708747675	169.14654054221	248.415668590748	239.440179789326	193.852787016237	224.269872814399	187.657386493417
204.489604012902	262.000675696026	194.98425891469	244.07819475791	212.872385584983	215.828181854883	159.448371120868	233.76967399551	169.218434283733	248.249577857422	241.45520920318	194.186188848107	226.359525023706	187.886954830385
204.489604009283	262.000674975358	196.067202036992	243.814871973521	214.663497219741	216.038356319998	160.084121930806	233.475567964696	169.291211976843	248.108641247982	243.526273116394	194.529900915696	228.405038121649	188.190178183025
204.489604004546	262.000675731048	197.246438572543	243.590443279425	216.500358454843	216.318838260625	160.780508913245	233.213572450074	169.377415584179	247.979139068679	245.628353386004	194.904635011338	230.394187972474	188.575927574054
204.489604000371	262.000678876894	198.517434860156	243.406811636924	218.403858134467	216.686315264121	161.546690576079	232.970869246482	169.489587068381	247.847351625767	247.736431869045	195.331102927365	232.314750440431	189.05307402619
204.489603998056	262.000684788464	199.872761319292	243.265917478734	220.385859273618	217.153588342232	162.389870431966	232.739349828865	169.642648556754	247.703511314503	249.828548453821	195.828164650463	234.165953167277	189.628749868412
204.489603997377	262.000691688428	201.293404692001	243.169851123214	222.422121570626	217.71791220426	163.30943201262	232.529744392595	169.861042835272	247.55365888617	251.8949751537	196.407272944731	235.992830904813	190.303132654752
204.489603997732	262.000697261231	202.757455800979	243.120740360139	224.479378894647	218.372654983897	164.302803854521	232.357492813147	170.171592854578	247.407787181055	253.929042013318	197.078028768619	237.851870182352	191.074661245504
204.48960399852	262.000699191318	204.243005468921	243.120712979282	226.524365114839	219.111184814835	165.367414494149	232.238034966	170.601121565311	247.275889039448	255.924079077313	197.850033080578	239.799557529203	191.941774500961
204.489603999237	262.000695203866	205.734380862221	243.169085899561	228.534501403606	219.92643987098	166.501157781841	232.185481149675	171.17049655585	247.168714699745	257.875942713233	198.727730656889	241.875830107079	192.900650466632
204.489603999782	262.00068318699	207.240854522051	243.253932556477	230.529958146329	220.809638487103	167.703788823367	232.208623354876	171.87676396552	247.100043992782	259.790594580286	199.694941545141	244.054427607292	193.938423928877
204.489604000156	262.000661069539	208.777935333283	243.360515514677	232.541593031639	221.75156903819	168.975528038354	232.314923995352	172.711014571383	247.084414147503	261.676522660593	200.730329610754	246.292540353557	195.039968859273
204.489604000357	262.000626780363	210.361132180786	243.47409733881	234.600263748164	222.743019899226	170.316595846428	232.511845484853	173.664339150503	247.136362392853	263.542214936273	201.812558719145	248.547358669586	196.190159229394
204.489604000394	262.000582777801	212.003973414183	243.584179310046	236.730491427473	223.773105948112	171.726559153887	232.809932965593	174.728685963058	247.271228401916	265.395431825419	202.919443751251	250.780076776559	197.373677809045
204.489604000317	262.000549638164	213.71206524211	243.69721757566	238.931450972893	224.82424807441	173.202370813711	233.23206249364	175.899433201699	247.507561624333	267.24102349001	204.025403650086	252.967904485522	198.574442560944
204.489604000184	262.000552467255	215.489033337957	243.823906999452	241.195980730694	225.877193670595	174.740330165548	233.804192853532	177.172816542195	247.864713953882	269.083112527996	205.104008374181	255.092055504985	199.776180246038
204.489604000054	262.000616370875	217.338503375115	243.974942445221	243.516919047142	226.912690129145	176.336736549048	234.552282829801	178.545071660313	248.362037284343	270.925821537327	206.128827882068	257.133743543459	200.962617625274
204.489603999973	262.000756720897	219.262222233327	244.163617175547	245.880485444878	227.913645404001	177.990377390789	235.489047066369	180.008633984526	249.008165269283	272.771281723208	207.079102635198	259.081062948401	202.11707044261
204.489603999939	262.00094995347	221.254421617755	244.413618048135	248.246424152024	228.87160969496	179.709992465068	236.574223644696	181.540737954129	249.768858601426	274.613658719862	207.956755106695	260.949630623045	203.221210374047
204.489603999936	262.001162770809	223.307454439917	244.75123031947	250.567860573073	229.780293763284	181.506809633113	237.754306505627	183.114817761123	250.599159733284	276.445126768767	208.769378272606	262.761944109567	204.2562980786
204.48960399995	262.001361875134	225.41367361133	245.202739246037	252.797920112519	230.633408370236	183.392056756151	238.975789590007	184.704307597508	251.454111117367	278.257860111399	209.524565108975	264.540500950146	205.20359421528
204.489603999967	262.001484618516	227.567399226365	245.786470976765	254.905572570645	231.426950832118	185.377652253362	240.19281528734	186.287875751192	252.295199656932	280.043928106161	210.226432816645	266.3010830796	206.049673519804
204.489603999984	262.001350952449	229.770820110819	246.48891523036	256.923165330894	232.166064685394	187.47827677574	241.390119781764	187.865126893714	253.109690058205	281.794980579157	210.865195495653	268.032610003308	206.802367034694
204.489603999998	262.000751478282	232.028092273342	247.28860261797	258.898890172499	232.858180021567	189.709301532233	242.560087706074	189.440899792521	253.891291478159	283.502562473416	211.427591470832	269.717285619288	207.474819879177
204.489604000008	261.999476797364	234.343371722585	248.164063750747	260.880938874694	233.510726932143	192.086097731788	243.695103693065	191.020033215058	254.633713073764	285.158218731967	211.900359067019	271.337313825559	208.080177172478
204.489604000012	261.997527785504	236.715349311141	249.09250323671	262.904397373058	234.128359012424	194.607420796724	244.784314172296	192.604630131088	255.329577665351	286.756445929281	212.275924949959	272.883960865115	208.629363820485
204.489604000011	261.995746416351	239.120855267369	250.04582167136	264.951928228565	234.704623872922	197.205563002853	245.803912760381	194.185850319629	255.967162726684	288.303547165592	212.569469149054	274.384742360841	209.124423875725
204.489604000007	261.995184938014	241.531254663571	250.994593647071	266.993088158535	235.230292627945	199.796200839356	246.726854870697	195.752117762015	256.53365939489	289.808777172576	212.801860034616	275.876236280597	209.565181177385
204.489604000003	261.996895598602	243.917912572046	251.909393756214	268.997433880289	235.696136391804	202.295010795418	247.526095916622	197.291856439579	257.016258807091	291.281390681909	212.993965976958	277.395020592242	209.951459564653
204.489604	262.0015139819	246.261844198541	252.765772799201	270.943205265845	236.090659349154	204.649664258152	248.181408892912	198.805270937987	257.400452873591	292.73432202523	213.161266695544	278.968808283172	210.28147489816
204.489603999999	262.008009014397	248.582665282589	253.559186408603	272.843374806005	236.393297966022	206.935812206395	248.699837119845	200.339688260232	257.664936597407	294.195223934031	213.297687306444	280.58985241892	210.547011124308
204.489603999998	262.014932958258	250.909641697166	254.290066425027	274.71959814627	236.58122177878	209.261100516913	249.095241499076	201.954216013638	257.786705754736	295.69542873977	213.391764274877	282.241541084554	210.738244210941
204.489603999998	262.020838075648	253.27203931525	254.958844689084	276.593530932139	236.6316003238	211.733175066473	249.381482932262	203.707961805529	257.742756121775	297.266268773901	213.432034066063	283.907262365143	210.845350125904
204.489603999999	262.023675004608	255.700204266509	255.560400568627	278.483495307084	236.530182630132	214.438457907706	249.578638041052	205.64984338971	257.51973765964	298.927914355573	213.406285574621	285.574523872559	210.862769533924
204.489603999999	262.018987886686	258.228803707379	256.067403540487	280.394479406465	236.297035697538	217.378475796694	249.731646327067	207.7880191059	257.142917069134	300.655887754689	213.299317412759	287.247311325887	210.802001887271
204.489604	262.001719239304	260.89358505099	256.44697060874	282.328137863616	235.960806018456	220.53353166538	249.89166301192	210.120457440296	256.647215235979	302.414549228847	213.095180622084	288.933729971013	210.678811335096
204.489604	261.966811579884	263.73029571047	256.666218777461	284.286125311867	235.550140085326	223.883928445711	250.109843317226	212.645126879099	256.067553045899	304.168259035643	212.777926244203	290.641885053827	210.508962026552
204.489604	261.911670909828	266.749957275281	256.705683371448	286.270725040492	235.091199454421	227.397156841529	250.427470083684	215.352941981117	255.448995352501	305.891017623811	212.340204937193	292.378518847748	210.304640880054
204.489604	261.843557166449	269.864688040232	256.599572998382	288.286734962519	234.600205937341	230.989458644262	250.846336628353	218.206601595599	254.877182880943	307.595386206648	211.809065825017	294.144921736331	210.063725891068
204.489604	261.772193771037	272.961880476465	256.395514586666	290.339581646915	234.090896409521	234.564263417235	251.358363887375	221.161750644409	254.447900324267	309.303566188588	211.22015764811	295.941021130665	209.780517824322
204.489604	261.707304144884	275.928927055123	256.141135064701	292.434691662648	233.577007746396	238.025000723775	251.955472796895	224.174034049405	254.256932375516	311.037758974066	210.609129146904	297.766744441835	209.449317444544
204.489604	261.658119012485	278.65816541208	255.881377696747	294.577365847498	233.072773810633	241.277662572828	252.631558769239	227.200507517927	254.398034934156	312.81823792929	210.00990913854	299.622291675423	209.065140962611
204.489604	261.631898311153	281.061713842144	255.650451090484	296.772402114493	232.594416413834	244.238490755823	253.388415121463	230.203869899227	254.956848725342	314.657564267555	209.449546746979	301.508953214983	208.625866373988
204.489604	261.635409281405	283.056635804855	255.479880189451	299.024472645475	232.158654354835	246.826289509809	254.229809646805	233.148230828031	256.016985680653	316.566371163928	208.953371172891	303.428292038564	208.130087120289
204.489604	261.67541916376	284.559994759752	255.401189937183	301.338249622283	231.78220643247	248.959863071836	255.159510138503	235.99769993907	257.662057731667	318.555291793476	208.546711616943	305.381871124211	207.576396643127
