"ToeTip.X"	"ToeTip.Y"	"KneeElbow.X"	"KneeElbow.Y"	"HipShoulder.X"	"HipShoulder.Y"	"AnkleWrist.X"	"AnkleWrist.Y"	"MetaPhalJoint.X"	"MetaPhalJoint.Y"	"Costal1.X"	"Costal1.Y"	"Costal2.X"	"Costal2.Y"
678.140020186209	454.04734737523	521.850535524826	520.804636874591	467.717555912664	529.882046371848	567.959098186027	471.78818869778	594.349164920842	461.120961908631	482.536818054924	596.735283197795	456.159981744791	594.071030503052
678.564313816006	454.090457083223	523.520639704088	522.193016157451	468.856970049797	531.10512880082	568.506445842249	471.605251124504	594.581956931508	461.067007515564	483.60460088018	597.893648483509	457.477270203875	595.001023112651
678.563640747995	453.874581823614	525.084394807336	523.573924907102	470.056095633011	532.499050397312	568.881443137277	471.480041534328	594.779662706084	460.953323124726	484.590828205794	599.029020047278	458.725025255497	595.977998686635
678.196483553298	453.4617465502	526.593462777896	524.945876534674	471.331120929309	534.003950331192	569.112313459776	471.403048323195	594.944157101097	460.797564917344	485.562389728561	600.128291483796	459.951669307393	596.979368323088
677.521052340524	452.915460106318	528.100255256734	526.307175978312	472.697122763548	535.557923552136	569.227876306748	471.364591825525	595.077152648354	460.618091257894	486.587936733605	601.178038731092	461.206471905071	597.982382654475
676.593367919704	452.311154726955	529.663207876724	527.654453048076	474.160247268929	537.082639233296	569.261741041933	471.353641962992	595.179057563408	460.438902713773	487.750275270958	602.162285283276	462.545509539672	598.963002935368
675.468396648869	451.730005419837	531.34365766134	528.983530746681	475.722339207519	538.49185525006	569.249824016627	471.358518245565	595.249651851988	460.28671735844	489.139028880208	603.063825277423	464.02813719415	599.896569405403
674.201582286731	451.250587165749	533.201628036243	530.290597356984	477.387190777117	539.702911299396	569.226997098902	471.367834655591	595.288999940351	460.187022920836	490.840734498476	603.866009439135	465.712225521947	600.758703467279
672.857330448541	450.902666744263	535.272483318535	531.578698270216	479.195151810158	540.700385715509	569.208524918673	471.375733067062	595.302505451178	460.142210868072	492.88398677313	604.56263687985	467.627781060156	601.53030457022
671.507945186322	450.672994346881	537.569854782749	532.85692231701	481.218791820835	541.528116889079	569.192391475438	471.381227302364	595.300277651024	460.134317022998	495.246313531861	605.156715284532	469.780252603821	602.196923913516
670.226000797848	450.546746950699	540.106372594822	534.134295641625	483.531123684903	542.231875323896	569.176023140675	471.383511813249	595.29253153337	460.144759419189	497.903224068618	605.651610802287	472.174163026877	602.744491440492
669.08406073985	450.502577726213	542.877978909995	535.402342271932	486.162330658894	542.851151837973	569.159053321247	471.382679051161	595.285886987254	460.160092077854	500.812686146375	606.053493991135	474.808506759137	603.173186320789
668.1546711751	450.508732864567	545.853994649399	536.624666314952	489.07427285759	543.415419699106	569.144636155561	471.380253984616	595.281228879194	460.175062107546	503.904684731876	606.373009089489	477.673459084271	603.505918533403
667.510349935606	450.532533278175	549.001346841142	537.762379034052	492.22270357312	543.953242377313	569.136243607729	471.377889353653	595.278929008374	460.185150421188	507.10672813491	606.621194600175	480.758409090867	603.767623758252
667.184732012238	450.549058108734	552.267591964141	538.782164012804	495.56749210069	544.472861335398	569.141690341699	471.376761159202	595.279033099415	460.187513492663	510.383557482075	606.800690408826	484.056286746191	603.973140411401
667.094820736611	450.556657820921	555.542183251083	539.667419378573	499.080853959561	544.921560828525	569.18181723742	471.376615391623	595.280608794676	460.184333752017	513.811596201852	606.88894419211	487.570643117796	604.107019496721
667.135842827198	450.558027931183	558.703725320107	540.404664076487	502.737309865944	545.235243626443	569.279897334926	471.37693104013	595.282541116125	460.178732039188	517.48812022794	606.858699921099	491.307012367652	604.148156973277
667.214760847209	450.55575544387	561.665748842045	540.987075436667	506.512022739457	545.360839107309	569.450910913349	471.377247010161	595.283865039981	460.173591102747	521.491618124478	606.686160826779	495.269396103977	604.078003136323
667.307928083331	450.551785762039	564.548292337777	541.447199932425	510.383952666428	545.310473859388	569.660805507125	471.37745647479	595.284502179437	460.1703859245	525.789494064536	606.367983763534	499.452734379048	603.893111346985
667.417109089172	450.547829330803	567.547018645606	541.832001235164	514.333450276649	545.12015005006	569.857572588253	471.377582341861	595.284698839053	460.17007595427	530.308472502484	605.908315815815	503.848648853211	603.595565792686
667.543150512965	450.545484270595	570.846414568453	542.185648458576	518.345346898337	544.825221287163	569.992473571253	471.377650062797	595.284668467835	460.173514320543	534.98034385419	605.314375751313	508.446979516155	603.188881771829
667.674870391816	450.544939942015	574.488928234054	542.516878951268	522.460820935084	544.45243032232	570.05824949067	471.377714639653	595.284205012284	460.180226223229	539.801403865749	604.631886822259	513.215213185839	602.694475431883
667.792868906925	450.545423251624	578.419968024283	542.810223348611	526.759546685123	544.022637035489	570.075979942925	471.377851263247	595.282815817972	460.188829631504	544.812017835746	603.932878252757	518.105565162787	602.145992644665
667.87796250397	450.546152365327	582.583122205061	543.049273660132	531.319989790479	543.557076684252	570.067130572513	471.378130617529	595.280041154022	460.197798674613	550.052069357988	603.288766000619	523.070900657238	601.577220101897
667.924018923075	450.546689306004	586.924002511593	543.201275888446	536.152677177671	543.093997043815	570.047517309061	471.378453081216	595.276759037297	460.201216380299	555.515030061637	602.731935344906	528.096962841893	601.018609799339
667.94101945931	450.547020633605	591.390718920445	543.213294721464	541.184256413227	542.692650100003	570.025980759454	471.378508768619	595.27549911177	460.18774437878	561.137069846471	602.246583012251	533.210087097136	600.496496608064
667.939934897682	450.547159237287	595.931488323352	543.031277633515	546.336150492024	542.413409917243	570.010913963788	471.377975582211	595.278885797845	460.145738460725	566.850731148847	601.813913597344	538.438977852718	600.036875238156
667.930160798704	450.547136327159	600.483566055256	542.631281874468	551.520978762087	542.275933930094	570.006959010995	471.376713317034	595.287850231	460.070325047104	572.569097905048	601.412235168723	543.779878981605	599.646010729277
667.917513958621	450.54702473683	604.959303808577	542.057771317542	556.631359500574	542.207375158414	570.01023617612	471.374995011209	595.299476560065	459.972012804311	578.161046140097	601.013275155592	549.15528697598	599.285344135872
667.907316829891	450.546903049474	609.267613272422	541.364659016351	561.557148185993	542.122108752619	570.015688594437	471.373150785173	595.310317539849	459.863435187319	583.489345328099	600.587851986751	554.477511415259	598.910124861614
667.903633516843	450.546834672067	613.327235366812	540.605191369712	566.223361056891	541.950673908026	570.019205168055	471.371878770551	595.315264262251	459.757102047607	588.461701702742	600.117051092028	559.67273828303	598.488680875517
667.904982956446	450.546816134593	617.100225520038	539.829677026256	570.709957403309	541.694839976479	570.020842513292	471.373498815229	595.301885363085	459.664978552685	593.183844482588	599.627201532708	564.728302764529	598.046973508929
667.908357103517	450.546825551005	620.560566750084	539.087615661361	575.139563446476	541.375991078973	570.021804917001	471.380777341852	595.255733080998	459.598879879513	597.81603281179	599.15709118569	569.648378804487	597.626834690046
667.910984919208	450.546842360196	623.689038615044	538.417982111611	579.626882948357	541.014987741932	570.023156515872	471.395484399576	595.164707876966	459.568123892906	602.509290173949	598.7433882342	574.440915104124	597.26731006915
667.91221506649	450.546857853588	626.527191345442	537.765639462542	584.215766251247	540.628003212421	570.024707925738	471.410480451543	595.037708312753	459.559697803094	607.33204089123	598.40380338931	579.147609233924	596.982526368984
667.91251203467	450.546869561854	629.148565292582	537.025909694371	588.912765945705	540.228743319805	570.025609899999	471.413935890481	594.894686502004	459.548833802485	612.309228490782	598.146068011858	583.827924412854	596.773492808894
667.912342455401	450.546875192082	631.624552974171	536.096176228305	593.722316601514	539.831050982264	570.025012703225	471.394519296302	594.755216406215	459.511254809563	617.463225982077	597.976538945411	588.540219455557	596.639995033892
667.912005744076	450.546875026627	633.974591069408	534.92728358034	598.6107566098	539.452166503366	570.022182096069	471.352429331805	594.628689903792	459.435402859007	622.769830559877	597.874135154419	593.315886520146	596.558201951338
667.911640990123	450.546871816993	636.168301304468	533.521334450386	603.507897969176	539.112587579845	570.016494576149	471.298919635586	594.514736351639	459.321914999454	628.160182801165	597.791468325874	598.16046229272	596.481638879135
667.911380015451	450.546868400515	638.173446216238	531.883370165875	608.342703510938	538.832754965403	570.007384051643	471.245952004797	594.412607718557	459.17202623483	633.563655713625	597.680242323916	603.07819567018	596.363096488086
667.911286498626	450.546866477614	639.970040307163	530.091759513929	613.09619419953	538.617350205772	569.998721408529	471.227535164089	594.322865079371	458.99593881336	638.912151107235	597.504833106902	608.05264566123	596.17018981487
667.911305550088	450.546865770495	641.559416267096	528.352459669015	617.83997116248	538.443634124094	570.002097789899	471.31603907328	594.248347328524	458.81945781807	644.141970859934	597.251665836483	613.031371262026	595.896328011283
667.911370404668	450.546865803194	642.945045900956	526.884194589995	622.654703537345	538.286120336661	570.029877855184	471.587671955868	594.192121086412	458.669950408255	649.189865245273	596.909377137785	617.958333190083	595.537507272528
667.911427556205	450.546866160496	644.145593764544	525.836289041923	627.59132694022	538.118856852089	570.094759293438	472.096659489483	594.155125965797	458.569982142033	654.026611418715	596.477814091916	622.814867034331	595.102737006485
667.911467237569	450.54686662759	645.229842508222	525.129132596649	632.60269156133	537.91435572481	570.210538397262	472.824710970672	594.131284971954	458.526278977197	658.735234969134	595.993805015142	627.705601219496	594.643954819396
667.911488688011	450.546867030932	646.276894682123	524.635974401628	637.621450658585	537.644812738388	570.391237674527	473.73860372798	594.113076308899	458.542305313227	663.421874746035	595.501793091042	632.760551602111	594.221937733852
667.911492029703	450.546867223284	647.36118892278	524.24082112411	642.590215252776	537.288909197065	570.651065060732	474.813042055446	594.094987093017	458.627561134386	668.184240963552	595.042315690485	638.076383271027	593.887833764096
667.91148315621	450.546867229378	648.526677273105	523.897998086982	647.516687251125	536.867720293642	571.0054405757	476.07454642477	594.084636093702	458.830999218497	673.064948393763	594.630379067113	643.531757426394	593.629849006966
667.911470279725	450.54686714303	649.805063961033	523.590080731679	652.434718452958	536.419352723679	571.470271187215	477.57045416128	594.094917646989	459.217422278013	678.084477529372	594.270732493947	648.917753450374	593.410903003238
667.911461213287	450.546867054397	651.226166305099	523.301749606031	657.374360984166	535.978274368333	572.060638430392	479.343049794335	594.137273811195	459.849338554354	683.257527908814	593.966114049258	654.037075804105	593.193833873792
667.911458002988	450.546866998867	652.793433601134	523.0465405218	662.310612187862	535.526537682057	572.779863937196	481.361943806383	594.202285884748	460.756008629335	688.517422102278	593.691049233804	658.861160597669	592.941295696906
667.911458403873	450.546866971082	654.490695340447	522.859459790979	667.17750448202	535.007194074848	573.622519081607	483.542671688734	594.265013181902	461.941954309722	693.736932056671	593.399071255444	663.486993058187	592.61580560923
667.911460090221	450.546866964697	656.301075598963	522.774979203731	671.908614602586	534.363762233844	574.582846725879	485.800070487729	594.300687310293	463.409814634636	698.788781893641	593.044137142501	668.01333234526	592.181027779978
667.911461634351	450.546866972673	658.197683054675	522.783644255816	676.459340555032	533.59839266852	575.650038885584	488.073709872671	594.307300078323	465.107870475413	703.604237171378	592.619001335839	672.487913170618	591.648951299683
667.911462815497	450.546866987039	660.140166198464	522.81696573003	680.814407024905	532.792034085393	576.806499494387	490.336398904361	594.313431850451	466.911348081419	708.193240171199	592.168560032046	676.88989597459	591.096511503434
667.911463498062	450.546866999766	662.087246881146	522.802397708173	684.96061359762	532.031112473342	578.034178541983	492.563279997675	594.349809353774	468.690444732864	712.571254753352	591.741336080827	681.19360820989	590.605113851083
667.911463664351	450.546867005598	664.00490108552	522.70195259118	688.889618746492	531.379000395318	579.32362049928	494.728217749232	594.445648541556	470.35485194626	716.750201123413	591.371434546751	685.368931562196	590.220803439268
667.911463590147	450.546867006184	665.877161384416	522.56366346476	692.605175423817	530.8416870827	580.686762751496	496.801896080083	594.626404831174	471.912568138929	720.73317881486	591.057072529291	689.374681556144	589.901608275415
667.91146359613	450.546867004227	667.690822691939	522.448723069213	696.11288682484	530.416383124565	582.138815424156	498.754512323758	594.916958344034	473.386630958138	724.521937953197	590.790976899315	693.16798078801	589.59209129754
667.911463894105	450.546867002083	669.438882871508	522.40271410783	699.417994979554	530.09519776323	583.686089203957	500.561921960899	595.332245118016	474.800128265392	728.116725129963	590.566198430045	696.716764935129	589.252546680179
667.911464167128	450.546867000403	671.144464110167	522.39540989347	702.523987936331	529.845465796978	585.291675082931	502.227458990194	595.83890822988	476.176391785213	731.510485096651	590.377360910839	700.041482880505	588.919666587896
667.911463937972	450.546866999325	672.839820453392	522.373602953445	705.433822043248	529.627011923008	586.905562476525	503.762787221805	596.388951274697	477.538827166526	734.693949132002	590.219564973649	703.178502309697	588.653302398314
667.911462782031	450.546866998961	674.552341667342	522.291481953588	708.157014843133	529.406921513388	588.480888759868	505.17959611223	596.939050456553	478.907163274501	737.662550571028	590.096218006486	706.165859175019	588.514460898236
667.9114608003	450.546866999152	676.260843496581	522.177112607007	710.768576851716	529.224770424625	590.002242393559	506.489812585968	597.492555057345	480.264428306369	740.458662124117	590.093641773293	709.058206141111	588.57563030029
667.911458395847	450.546866999584	677.916225276627	522.101019163344	713.381158635126	529.161796165869	591.472287371951	507.705500044869	598.079638259661	481.572557891269	743.151633448597	590.34581049829	711.919745811509	588.91589740971
667.911456032965	450.546866999951	679.470726961861	522.131718415902	716.104565817759	529.297850591521	592.893978290771	508.838733915984	598.730145054919	482.794587413472	745.809915905153	590.981204210436	714.811523580627	589.609391582819
667.911455607227	450.546867000124	680.918165798321	522.275274358666	718.966776297249	529.666014731604	594.272129811687	509.901847876712	599.457816024842	483.927123469907	748.471649484784	591.977698753903	717.713327718302	590.605141499038
667.911460506997	450.546867000161	682.295723181159	522.472614167077	721.910423553559	530.250588733076	595.61349660193	510.907444953565	600.259595226036	485.001786652244	751.143360124217	593.156093307539	720.520197201515	591.721698738606
667.911474141107	450.546867000128	683.642584960892	522.661846747486	724.874342303053	531.033420409828	596.924950179099	511.868189306926	601.131652525636	486.051767136657	753.83011397997	594.330385163564	723.124045994127	592.772143341233
667.911494385908	450.546867000076	684.994928185687	522.807144413407	727.819640044219	531.977650853275	598.216267287121	512.802172023199	602.071570369776	487.102356392279	756.539343133388	595.376789634683	725.511306463598	593.641204485704
667.911508607864	450.546867000023	686.383214172185	522.92219135078	730.74973521134	533.010884555531	599.502743641197	513.737793557289	603.079614638522	488.163840951516	759.282974142205	596.289715739961	727.847964752208	594.34972107012
667.911502998188	450.546866999984	687.837265169541	523.026208956635	733.672778244444	534.056752209439	600.800292451068	514.704607275438	604.156351599276	489.244829735292	762.073436403913	597.076790679812	730.320085823876	594.933753697051
667.911467205778	450.546866999971	689.391516852282	523.143076137279	736.604791964426	535.051032315575	602.134347127996	515.731580823871	605.311863884065	490.368280516805	764.929983352344	597.752397399028	733.072989079922	595.433459998032
667.911403435944	450.546866999975	691.097158342743	523.313585335567	739.590387391051	535.973617594755	603.564913269083	516.845554832789	606.590792377238	491.609258284247	767.89664960398	598.355452025818	736.104028234215	595.903875781973
667.911316743386	450.546866999987	693.009180572715	523.582367132265	742.680662977959	536.814411474938	605.159841833449	518.07288725505	608.045620163268	493.054652559179	771.023093294446	598.930437929821	739.376979592797	596.403413117768
667.911220986514	450.546866999997	695.172037493689	523.98220311156	745.920604024716	537.565646654673	606.983892450278	519.434896885131	609.723142307562	494.771306798679	774.352197256288	599.515221910249	742.850495898662	596.979660616073
667.911193757502	450.546867000002	697.553901389062	524.460094947411	749.310940116583	538.2364184099	609.079445300651	520.916421913373	611.628975893777	496.680942499484	777.877795030345	600.099770607562	746.446138249527	597.601851284218
667.911340701506	450.546867000004	700.089368496649	524.925287533566	752.83292129782	538.843244227975	611.479030055181	522.486243272086	613.750613155566	498.641404454036	781.572130681298	600.652966987025	750.069141529961	598.204729223155
667.911755841514	450.546867000004	702.718165821452	525.290629328913	756.469243210015	539.400912304572	614.212487458231	524.113574722549	616.076819622464	500.515064897737	785.406894869612	601.144193084662	753.631872375248	598.725082326839
667.912343266811	450.546867000003	705.465356135338	525.529898438616	760.227347908898	539.895722213757	617.26686136661	525.775756807101	618.618225555161	502.242000263663	789.346342836395	601.552381717841	757.163184807518	599.135172638203
667.912853228461	450.546867000001	708.425120553337	525.666223390934	764.134720993577	540.290898957267	620.594531977695	527.456712415228	621.403170717013	503.825224081461	793.348707449193	601.864201430763	760.786282679854	599.435994752689
667.913028879464	450.546867	711.692405040505	525.724202209105	768.218674466839	540.54966144682	624.146909469131	529.139991748603	624.459886019119	505.269512692276	797.372353152166	602.067050591601	764.625247580762	599.629690342802
667.912475226295	450.546866999999	715.29897850771	525.731030192985	772.467772280024	540.66919675395	627.876790639929	530.780111035524	627.784666995488	506.577207195649	801.391389761133	602.174539493362	768.709328684565	599.734973921925
667.910595068079	450.546866999999	719.184136570469	525.717704319013	776.813862223026	540.696411705504	631.73900190964	532.28908899899	631.327064842405	507.747084187846	805.402973851894	602.238645255393	772.928967398149	599.794817943752
667.906777061845	450.546867	723.279847866454	525.715495795846	781.184327426674	540.682118002868	635.688621788771	533.575575125609	635.032933292303	508.777621502037	809.406096993201	602.31434892528	777.163620297269	599.854102072426
667.901695002962	450.546867	727.533421996521	525.737073437747	785.535376865735	540.645842794139	639.741175515437	534.553928839466	638.860043529486	509.65701033057	813.401866570441	602.426288378303	781.324686065417	599.943806218094
667.899532023017	450.546867	731.934060236512	525.744308371104	789.901934447673	540.521684279958	644.07725062765	535.154101730661	642.798709807058	510.345352064075	817.397167644226	602.516243177879	785.410787922055	600.056954135894
667.90506477709	450.546867	736.478048875484	525.690480461859	794.332236900205	540.229292319557	648.905351154649	535.308682445516	646.844750289649	510.797997349353	821.399862436028	602.511979309905	789.435301110545	600.180150170424
667.921355138556	450.546867	741.16356660719	525.526679844927	798.862128779217	539.707027518479	654.386903202916	534.959394116949	650.998293638558	510.968649559495	825.411517561745	602.351600169169	793.416716250786	600.291448507584
667.94228091555	450.546867	745.998927507678	525.192268846057	803.461084376667	538.993461905107	660.431191914282	534.096882560225	655.282554767103	510.802189563182	829.399981495731	602.028574470303	797.400921007816	600.323110207004
667.958658118469	450.546867	750.995824602264	524.622699956021	808.076451364296	538.160576145415	666.863443289713	532.728103509362	659.728445118652	510.24055696906	833.321861706685	601.554828703042	801.44293671553	600.192129745764
667.961024834766	450.546867	756.164707538439	523.758608793509	812.65568102653	537.277113548358	673.513706015544	530.859983969669	664.366858092182	509.228353221977	837.140414322881	600.944153729381	805.592380757078	599.824043749521
667.936834778188	450.546867	761.502095477352	522.598623028352	817.147553775156	536.375357321202	680.266607477522	528.499004039713	669.22842601159	507.739969231454	840.893332759019	600.231047146871	809.83836880442	599.240031667381
667.871608166044	450.546867	766.995774998331	521.177723715267	821.501683209918	535.464734985244	687.040988723905	525.651363666343	674.343617541049	505.768469981363	844.664972813173	599.462986951457	814.132089918028	598.521228413102
667.751987153247	450.546867	772.633835667098	519.533086900905	825.66877993133	534.554320685578	693.758624342254	522.324100225397	679.743969415459	503.309522688049	848.537737350588	598.687072210943	818.424049702735	597.748530190538
667.598254273097	450.546867	778.417145828698	517.749645884355	829.631221774733	533.653149942027	700.411580958601	518.548837448693	685.492289087191	500.426400991894	852.515992349206	597.933493896157	822.66185451688	596.968886010192
667.468861668128	450.546867	784.361073100676	515.966521097882	833.407317383532	532.770214448762	707.071681128296	514.385095650818	691.686864913515	497.259087265793	856.515560267624	597.213258429911	826.789821127215	596.190727149797
667.424294786955	450.546867	790.481757480998	514.325719537944	837.017289445627	531.914503565351	713.814996028021	509.893881205364	698.427875329728	493.951650178923	860.447546825655	596.536350268616	830.752091063	595.420433036366
667.520548042139	450.546867	796.793632983293	512.962872543151	840.4771330302	531.095011807886	720.708212752166	505.132918174114	705.811324088011	490.63913285133	864.233475773209	595.915011122517	834.493192906824	594.668915093181
667.80429136411	450.546867	803.307591583164	512.000374037187	843.794065642704	530.32074439866	727.798534760036	500.153115741971	713.924547283993	487.437839169941	867.816501222159	595.366169309314	837.958458858049	593.956494269007
668.321034233161	450.546867	810.034084442618	511.558970521418	846.974212403519	529.600707892375	735.130740734233	495.004534969008	722.853802306396	484.46174088727	871.142469225463	594.907336404222	841.093321127718	593.304662546561
