"ToeTip.X"	"ToeTip.Y"	"KneeElbow.X"	"KneeElbow.Y"	"HipShoulder.X"	"HipShoulder.Y"	"AnkleWrist.X"	"AnkleWrist.Y"	"MetaPhalJoint.X"	"MetaPhalJoint.Y"	"Costal1.X"	"Costal1.Y"	"Costal2.X"	"Costal2.Y"
615.994577994397	429.393503513339	458.41065990964	488.900176996017	410.135616457115	496.529880941421	500.378005358067	441.547252247453	532.779573456885	432.241949746889	429.809293242912	561.231720716498	407.198503627812	559.104257209887
616.573489374197	429.595975239287	460.413707064064	490.19222439454	411.302056823858	496.256288379072	500.60130692519	441.689365208678	533.772892795219	432.509802705854	431.193310125229	561.077434111147	408.102948497545	559.166546022881
616.976194969354	429.573172487032	462.514903854048	491.560006784562	412.549807407514	496.513862643642	500.748686884011	441.678996286922	534.465750196027	432.49004115402	432.564678143575	561.443645957393	409.192641026544	559.623996491901
617.230507121989	429.373969070968	464.721739236757	492.992879250622	413.917361547777	497.229719557324	500.834190718461	441.547955520286	534.90514927761	432.242544851593	433.984964264693	562.239547600114	410.490672322633	560.408675689877
617.364535054296	429.047998933149	467.041217803617	494.480816395086	415.444355998305	498.331736710093	500.871896083737	441.328426256221	535.138582499077	431.827884064145	435.517061787196	563.374187563844	412.020372978654	561.452535306342
617.40983921933	428.653732499694	469.474713394389	496.020994715055	417.183719700067	499.756647242379	500.876254625976	441.056931563336	535.219225093969	431.314656182104	437.239282617645	564.754954086593	413.807857600777	562.686185698865
617.400206670705	428.255341154183	472.019967105821	497.61523709133	419.196957198751	501.446897552972	500.861959275797	440.77279433034	535.203918601909	430.77663738613	439.239886151599	566.288164253776	415.881036932797	564.03937184955
617.369276021997	427.916616216365	474.67496221753	499.265056645798	421.545001333061	503.344553156774	500.843686878183	440.515150791271	535.149260142116	430.2872586042	441.606468618687	567.88020656098	418.267701976004	565.4418964322
617.339552883998	427.672844218685	477.455845724188	500.948734581847	424.245906918117	505.363113276886	500.834907855726	440.309138079655	535.093515303389	429.894056813138	444.376888803536	569.442825266772	420.986663043539	566.827888997931
617.316286713191	427.515129273261	480.406918378808	502.60854262919	427.251267832472	507.371799384127	500.847222676305	440.158194723226	535.046535802382	429.604433365481	447.511912451025	570.896066062333	424.042810381916	568.138185757689
617.303242565686	427.430774853906	483.574902763074	504.183654928408	430.50696088487	509.236024110407	500.89207095148	440.063892702984	535.015729151689	429.422337086944	450.965673646699	572.160688740577	427.439836812563	569.314199839397
617.303203332988	427.405340649204	486.992589021474	505.619835749666	433.963683329515	510.847164852102	500.977837848004	440.023670236319	535.00845595854	429.344794465031	454.693742448066	573.179373383092	431.165304883842	570.315048272546
617.315023248179	427.417411206815	490.6370375497	506.88920988147	437.591414202453	512.200458063442	501.100690753403	440.018430486198	535.03188920869	429.341142634385	458.657432800495	573.982481226164	435.142256051847	571.170663692902
617.336574379734	427.443827289173	494.471376306243	507.97049224191	441.364952985193	513.317104963121	501.253742610397	440.024942851975	535.093154982523	429.373796391439	462.819494621314	574.622293794754	439.277601499605	571.928682637798
617.36484484212	427.46289811905	498.45744433302	508.845243724154	445.262900503557	514.220105340509	501.430404753937	440.022222833156	535.197642700111	429.407125660538	467.142982308467	575.148210880568	443.484944868779	572.6338290833
617.386546784442	427.47000377068	502.542097016729	509.528109681658	449.30804821103	514.953367369054	501.627557328677	440.015396843458	535.330553105355	429.428228728067	471.594489847007	575.57613212623	447.755689632637	573.296968480726
617.381762700732	427.471537770851	506.662522869733	510.055080280966	453.551697643456	515.574288502259	501.844318421013	440.026437047705	535.46406198979	429.438867339785	476.142894826579	575.900344174951	452.131432704198	573.90712207188
617.330551158484	427.4740174394	510.756280365072	510.462041173325	458.045439374346	516.13998439529	502.079572130402	440.077539073379	535.5701867636	429.441055274248	480.757654740675	576.114831204655	456.654320469819	574.452733751426
617.218164788034	427.480374226664	514.792792490501	510.757262278967	462.829696154742	516.677173523125	502.31592539808	440.187460556334	535.624466908308	429.437264818368	485.440737709246	576.217042475181	461.349274276439	574.909450795112
617.037907017116	427.487981485249	518.790872231586	510.906209135061	467.927580610851	517.165458731449	502.510755570043	440.369630245404	535.60790111601	429.430678947017	490.244503323257	576.209798123345	466.214516659901	575.233085719367
616.783773815177	427.493734451827	522.773581175858	510.870665181307	473.360716325887	517.580389908585	502.619269704527	440.637018490539	535.501957688319	429.42454176951	495.225645923865	576.096380296882	471.245973484125	575.377744824764
616.459039876748	427.493142732339	526.76190152087	510.627060741421	479.117984388847	517.891444265273	502.615357875753	440.993221366097	535.29715449872	429.421380019073	500.426450340963	575.874437304442	476.440480120964	575.301783579999
616.104094796704	427.476173409801	530.768497904274	510.210413675198	485.057295911864	518.043808301904	502.547642221898	441.404337844063	535.020207708215	429.420850924567	505.831563359395	575.519082098323	481.798509974	574.98055412625
615.768606895007	427.431407936496	534.803955573743	509.67038872645	491.003819512853	517.976595841282	502.483427897125	441.827092620832	534.706883049682	429.421894338762	511.411222252741	574.999793791734	487.321445954748	574.39365777282
615.497960076884	427.349258031073	538.877199178096	509.051063756133	496.796086343902	517.633397613803	502.484814851701	442.220827358394	534.391622783155	429.423486766944	517.138385604274	574.286395392884	493.00977927324	573.524863241414
615.287731926321	427.24141225867	542.977848904459	508.331569112011	502.427967016842	517.009848400643	502.553392540617	442.575305943803	534.093483796841	429.42503079991	523.01764722245	573.352707689363	498.85363510974	572.40638542295
615.101366916819	427.133286182161	547.083070448542	507.449133520431	507.993551149792	516.135159789925	502.65171138965	442.899919506089	533.82159693261	429.426203922335	529.07401073842	572.175130681261	504.836450883375	571.101694801386
614.902131901879	427.050300572727	551.169281448548	506.341259740431	513.587828385626	515.039024697453	502.741850226143	443.204285230612	533.58476173558	429.426687359348	535.33192960476	570.730786794152	510.94103315948	569.674376111924
614.674769645296	427.004461702125	555.180470583742	505.003794113865	519.259570846421	513.746438892732	502.796631000499	443.491956440515	533.381825992239	429.426111869597	541.762436736522	569.037564770014	517.119025037075	568.163613571341
614.437310571829	426.986983368008	559.010361647035	503.523015535955	524.98591349701	512.275117568504	502.805527503872	443.7570874725	533.196212263199	429.424029988686	548.253763215604	567.176541141251	523.273766242392	566.570770592858
614.210648560943	426.987290768107	562.548354570146	501.9929820463	530.737828966119	510.642149631341	502.759445943824	443.993024148309	533.010016207918	429.41998752335	554.687017385568	565.234227949121	529.304441372817	564.89395718724
614.013529427405	426.995894109965	565.705512491666	500.49093026845	536.47340488407	508.883373812336	502.656811514297	444.195124434891	532.812743293114	429.413833581194	560.955571045794	563.293688526432	535.128853143021	563.14499649183
613.856106727207	427.007643640374	568.479551377684	499.026811161777	542.099188887561	507.109628140686	502.526125354761	444.366794880019	532.623538214526	429.406630473291	567.001849818942	561.424191372179	540.739276736793	561.390564150283
613.746385951645	427.018474615938	570.889850401162	497.593754269607	547.508843614887	505.450500470112	502.40340759107	444.513454176673	532.468955475151	429.399743811582	572.780542783491	559.691556276907	546.146605455202	559.711048932831
613.690307075671	427.024602088759	572.955022420857	496.185051780916	552.60369492417	504.027420698899	502.322120817729	444.64064843281	532.371870821281	429.394393422786	578.251599990676	558.158681528873	551.3619939305	558.183613505939
613.669798446766	427.025493733585	574.684771892901	494.79588664034	557.374153604038	502.866982493404	502.285996327355	444.755404955457	532.312394452502	429.390104380452	583.436130300061	556.854502952261	556.399634769949	556.847917079733
613.651297039844	427.022715691393	576.08305591689	493.422661634883	561.868104591837	501.93459485422	502.279583927475	444.865706663949	532.243045893108	429.385308368981	588.394699866898	555.786045104111	561.275680564686	555.719423086063
613.601292138756	427.017864656158	577.154216298635	492.062305099329	566.134459890277	501.194875512264	502.287184024545	444.979712592153	532.116329216591	429.378504820883	593.188015423578	554.95980265499	566.006001249184	554.813257230175
613.504902935988	427.012272035699	577.931424573323	490.742058393085	570.226281275357	500.626150683563	502.297314445933	445.115193033473	531.911412123722	429.373351444123	597.845761034964	554.37238835425	570.587547374204	554.148477399482
613.376124982416	427.006858044294	578.492538356669	489.536148063724	574.203062671675	500.227994736067	502.305030021414	445.304815733605	531.648790937555	429.381501273622	602.349535631256	554.005097973362	574.987944445753	553.75023636375
613.231437816732	427.002507524729	578.919259228307	488.522842395432	578.12485130693	500.00180983574	502.305947903553	445.582529939516	531.352517131445	429.415295114365	606.676801786982	553.837909694301	579.172295385342	553.6442111837
613.086690435117	427.000757503242	579.284777348824	487.763976885962	582.032453353844	499.949728988738	502.299367702524	445.975728691951	531.044309988397	429.486894672261	610.812394788755	553.856062641604	583.12119228641	553.841812273769
612.955209663702	427.00575373986	579.628237202623	487.255655887312	585.889710765225	500.076808561969	502.299318858928	446.485580206777	530.736560030012	429.607745256916	614.770640771528	554.065839710058	586.87718393011	554.297383463242
612.849691786106	427.02229417806	579.980271855061	486.977550965048	589.641224438899	500.388835762536	502.323513270977	447.106696493641	530.439325587539	429.789113078862	618.573238582336	554.478784737011	590.49830826952	554.951001935119
612.778892740609	427.053604455578	580.369741782807	486.908785115517	593.229600299863	500.88721805442	502.388854703662	447.835406625584	530.161431197192	430.042046088709	622.238852078531	555.10150236972	594.034471094038	555.741186410743
612.705761950905	427.084632155943	580.804901119021	487.02210421793	596.574252713956	501.522448387847	502.502852373298	448.688000537587	529.897358527895	430.375054965477	625.750863362358	555.883179170643	597.441041790268	556.588338494685
612.563696250636	427.088532569643	581.280709581696	487.286139882381	599.579633750786	502.212171639652	502.666954497057	449.693646140077	529.632335785807	430.795013438771	629.06989211342	556.735957776557	600.612398517201	557.401171329086
612.285916137398	427.038340403048	581.791720086438	487.669421573366	602.151790345016	502.87383537666	502.882453186595	450.881217016436	529.351478184601	431.308979884355	632.156518694466	557.571618866784	603.443180489625	558.088703801362
611.824614536144	426.911647608375	582.321371820578	488.138464288695	604.307423630727	503.445896638447	503.147335221867	452.249049151954	529.042374851828	431.936728396798	634.991726879861	558.317269598853	605.904681497611	558.589987978003
611.161391634222	426.69310986891	582.83587769263	488.656660602819	606.234748751106	503.899377147351	503.454464118696	453.74814525487	528.696449481534	432.717742434824	637.588125731971	558.92377317152	608.087009922914	558.890627353056
610.280377275966	426.367990500719	583.299968780673	489.187134494629	608.136734742593	504.208099888747	503.796262682009	455.325436353677	528.305455622953	433.693200886328	639.961044768047	559.344036313967	610.090494757329	558.980229844447
609.198713249247	425.938911530912	583.697101437742	489.701097888037	610.178622644999	504.35865575252	504.167503213012	456.930473618521	527.874624436834	434.882879461784	642.133289443534	559.548899240474	612.007824778625	558.859552517987
608.065589116098	425.477929830782	584.08563311671	490.202114487028	612.374741511606	504.388707246606	504.572355998034	458.523288786152	527.463097529993	436.220941161962	644.157568966671	559.580936105708	613.901127908475	558.573949031033
607.063206382097	425.074460982669	584.54264654541	490.701835940607	614.701692399066	504.348684783455	505.017340819677	460.066533734974	527.143494120766	437.620145810208	646.094068483893	559.500654549432	615.824891854525	558.179922188828
606.360523991934	424.811869240055	585.143245496456	491.209404309539	617.134249000426	504.287359127104	505.510758603318	461.527513088644	526.983428753454	438.998435119804	648.001367217854	559.368157357815	617.829098549095	557.734740318473
605.972556120039	424.703172158464	585.939528388071	491.704787691326	619.625941906811	504.234207628805	506.081616059011	462.927619634429	526.992336636755	440.333990274536	649.919375527244	559.238840893998	619.911350286314	557.304570938663
605.814997734216	424.716002326993	586.968751474355	492.149132271684	622.116596482303	504.206260276719	506.772278467571	464.323141749021	527.142117924135	441.643856632708	651.875959342393	559.165065119171	622.035456045352	556.961322982021
605.802156800436	424.817185377924	588.26672336654	492.50385502233	624.546598634052	504.220458101357	507.62481102664	465.770284526015	527.404126340833	442.945609163592	653.89859690507	559.198936522176	624.165099205349	556.776834019365
605.864440381149	424.970514501034	589.797236268043	492.765441986968	626.90367208021	504.300852037253	508.649915372496	467.285360483771	527.754464973762	444.249735320008	656.003549572019	559.380389653145	626.29022045858	556.812918498982
605.957209138352	425.135082600209	591.412456950163	492.984736270868	629.248914145993	504.482513370177	509.809679621309	468.82284864904	528.176598420429	445.555736904274	658.189692528183	559.730492557199	628.441459332681	557.115855029247
606.037970280237	425.269578253669	592.954949996491	493.21725685557	631.64973386475	504.801461373102	511.062010081069	470.33190903854	528.654624526563	446.862170716514	660.454405373838	560.268690354298	630.652956330373	557.730585802194
606.0743820106	425.343048563552	594.304981687865	493.505057524422	634.157529659402	505.287751080851	512.368182008129	471.772676603586	529.177377544665	448.157754272196	662.788379365302	561.005858368843	632.956283408773	558.672646328299
606.074706515643	425.365974727671	595.493625094121	493.836331268026	636.759657511165	505.947580575659	513.702946452305	473.149186033871	529.752637354327	449.391847948155	665.155552383069	561.918592743001	635.372738342581	559.839945391779
606.057356977168	425.359196467755	596.589654982343	494.185805878796	639.427462790829	506.781183701612	515.044423411777	474.476446953683	530.392920241914	450.503972836569	667.51317396368	562.974919823379	637.921050360892	561.100985095293
606.03978883992	425.34267412454	597.663087886748	494.530254724396	642.133179759337	507.784441284856	516.373859388837	475.770318596509	531.1087417367	451.440844896326	669.823997730283	564.14153873732	640.61712304301	562.331036513964
606.028323855352	425.32614523472	598.798375884461	494.870230984735	644.859376025691	508.902630317974	517.708846496084	477.056536902766	531.887358566817	452.232820411799	672.114762312887	565.36971968826	643.444011789407	563.484060027855
606.022100746985	425.312751977541	600.089284306095	495.221629654081	647.59528587506	510.048380158995	519.090425626954	478.367209881856	532.701021782239	452.964217167673	674.453486991083	566.60077873517	646.363579627115	564.564783310535
606.020135026178	425.305488424615	601.629076114804	495.600281357557	650.331145887029	511.134235629914	520.559830960157	479.734275436873	533.522165719779	453.719935422302	676.908746135766	567.776230510254	649.337927404805	565.578657244658
606.021232502535	425.305057546916	603.471558972469	496.002812757399	653.110663630147	512.100317025336	522.146445009712	481.1730930234	534.349227604833	454.565862353692	679.541138946278	568.85945818391	652.364617642754	566.523757964518
606.023873947939	425.308611109435	605.609384824005	496.396084373361	656.060426705853	512.929486622401	523.861280209371	482.673325503376	535.220949140097	455.538414865312	682.398903106062	569.847741160744	655.496178452237	567.386730744443
606.026512174041	425.312995397075	608.029944907492	496.744396196816	659.31415218078	513.608283427934	525.71376877093	484.222425279074	536.17953908008	456.671474783252	685.529212942352	570.741274650454	658.789866167407	568.153237558983
606.027944733641	425.315689990043	610.717275432844	497.016656056282	662.967080410105	514.128462073387	527.720203380148	485.803220903934	537.264505749109	457.985511029197	688.968273251139	571.53800218279	662.292908583196	568.813722856539
606.028348144156	425.316707649739	613.641992497316	497.200203128873	666.960544903172	514.50263968873	529.924318618648	487.380045536076	538.504555750793	459.447340907223	692.708410703428	572.226860567723	666.012419337632	569.377760980923
606.028243664153	425.316694432867	616.771357169997	497.286984428851	671.197402457869	514.74864902856	532.376709542019	488.912608484787	539.925695258563	461.010368817001	696.730982438979	572.794534935277	669.945483529517	569.859708749801
606.028121247729	425.316270828975	620.074640581975	497.270305697286	675.584431981434	514.882684574851	535.125694621191	490.365241754475	541.553569651811	462.628903071041	701.017690950972	573.227366781724	674.089439470139	570.272618361103
606.028106934493	425.315760109435	623.544480835046	497.159267874386	680.074006902341	514.901895890307	538.193127030418	491.75601618031	543.409630079247	464.267759968614	705.554253466101	573.507702860968	678.444569065899	570.614375808345
606.028091980511	425.315293791961	627.188591495984	496.973162351419	684.647916469212	514.791145492946	541.583785559005	493.137672810855	545.512621734302	465.898535155287	710.328977361712	573.615312673776	683.013053316824	570.87308243703
606.027962316302	425.314998849304	631.015140343406	496.731358230224	689.288884789877	514.535549538339	545.301898995841	494.56272769083	547.881570516774	467.493050602688	715.329568817549	573.530306729814	687.796826865742	571.036761921284
606.027519122812	425.314921310139	635.04447240168	496.447696795852	694.006311704648	514.147729480054	549.335770489626	496.035526420707	550.555050663741	469.029928499848	720.505072006462	573.255833326148	692.781143829946	571.098562300706
606.02643221916	425.314981739823	639.315807426081	496.127451217341	698.850944439177	513.682939983559	553.649018446779	497.485750412382	553.601936335065	470.498331372773	725.744604990614	572.830749330302	697.925403512154	571.059574381372
606.02436012452	425.315089911172	643.869988804652	495.775157621489	703.877086983446	513.200103087384	558.203137855026	498.836658351854	557.093708135579	471.888328443123	730.932130897921	572.296983314784	703.186781145012	570.921572218088
606.021476957358	425.315171886809	648.712227986141	495.395834158944	709.103609853339	512.742774997683	562.965359041892	500.010350254569	561.051748847746	473.178374775921	735.967543922369	571.699029024502	708.502971124444	570.693132345341
606.020019233293	425.315218888609	653.705208662119	494.99642707574	714.407649668342	512.293048591086	567.925853694087	500.924291453766	565.297049964548	474.300468809646	740.814462522252	571.091640893936	713.733744499484	570.410041216356
606.022739067237	425.315238428255	658.675982584859	494.584364641762	719.630909573843	511.817650911844	573.080528838122	501.494788612135	569.600505156599	475.174994826139	745.452436221938	570.532138529962	718.719391482444	570.11488776404
606.031943865462	425.315238042873	663.465991813455	494.164441751899	724.625065032621	511.283067350515	578.425237395624	501.646673448532	573.746446266985	475.732573104681	749.863499757791	570.071296912136	723.313644373357	569.845749423842
606.044771296356	425.315225565328	668.083965723725	493.710840316733	729.357719697115	510.652974073491	583.955203318985	501.403881459738	577.67542389382	476.022817394763	754.058578455628	569.683809727418	727.526499741989	569.588257473272
606.055023713534	425.31520901929	672.646560992603	493.177991934386	733.871269600193	509.889234844478	589.665244773994	500.854286063777	581.428774928782	476.172111426658	758.067236731233	569.295285957865	731.468769816002	569.294206958909
606.056446376704	425.315196363501	677.271588730368	492.520121465333	738.209260793477	508.954524394644	595.549818588163	500.086230176307	585.050468617476	476.307117042975	761.919540714486	568.831137604133	735.252363239676	568.915150737614
606.042694225693	425.315191470473	682.038198746707	491.698799823603	742.409448073523	507.861987905676	601.582107079195	499.152288649635	588.641629147651	476.494412845827	765.657020290868	568.254042487552	738.954157996491	568.421946513967
606.007282204514	425.315191879058	686.965615835395	490.686984306234	746.50060979153	506.702999757568	607.702317074577	498.049595837883	592.391970867375	476.707448414553	769.338974167049	567.584440451506	742.596734545685	567.815374506517
605.943713214529	425.315194583276	692.067909950126	489.458611684071	750.510752131356	505.575663723716	613.847818800489	496.770517020059	596.498828783672	476.911662229757	773.026229550444	566.847740115468	746.198002591726	567.09878891351
605.850870421538	425.315197077114	697.362537625806	488.033278888537	754.461309371887	504.564923322046	619.984034983725	495.308104868046	601.125239480224	477.078723914454	776.759874047325	566.07533268907	749.769147007912	566.28797189225
605.749158049103	425.31519885442	702.880501722163	486.613223493372	758.347428172128	503.703081048605	626.188598353529	493.65816162523	606.297045847356	477.20522766129	780.502036859396	565.322539742576	753.294453342878	565.448417436276
605.664360585225	425.315199909009	708.656191680138	485.446343232898	762.157683286115	503.009279143972	632.567194139761	491.817176927869	612.005792352056	477.293998805318	784.195107587218	564.650665436406	756.751482314092	564.658047498187
605.618507944792	425.315200247413	714.727768355064	484.767127124141	765.878218472471	502.499240372871	639.220836675994	489.788166119367	618.242178199147	477.341983195008	787.781831929415	564.115190784785	760.117895896124	563.989507880114
605.589983130276	425.315200024006	721.177235294628	484.654187845607	769.466917168152	502.14893609322	646.196241126501	487.650005888669	624.987076420801	477.277777647297	791.209095224606	563.703902727368	763.372533177342	563.45410913501
605.529009845814	425.315199488543	728.114881654483	485.085572696108	772.863430344523	501.908691594031	653.505090933426	485.53051572829	632.215020582962	476.985882829748	794.426453546888	563.360914607317	766.494992674376	563.023590687326
605.385436338235	425.315198892052	735.651373731725	486.037988102728	776.007165873408	501.72849021673	661.158602449283	483.558167701462	639.900459725358	476.350211461265	797.383498580163	563.029757453174	769.464883029564	562.669164346467
605.114742714031	425.315198466482	743.891720701854	487.508253568491	778.841178119749	501.563444516524	669.174998371012	481.851645310701	648.019110780964	475.263495490626	800.02928786124	562.662697012781	772.261660999594	562.369956147538
604.681138462178	425.315198414217	752.9321632019	489.524363864123	781.314173512822	501.376617329983	677.583361229414	480.514459789416	656.548655917283	473.632136672917	802.312050998928	562.225537848891	774.864547918391	562.117359175479
604.049583986278	425.315198935095	762.868187586014	492.116995503808	783.375344680983	501.131755388845	686.413707734547	479.648817229588	665.466946354252	471.363712660539	804.179946382422	561.6852491535	777.252744868462	561.903821745324
