"ToeTip.X"	"ToeTip.Y"	"KneeElbow.X"	"KneeElbow.Y"	"HipShoulder.X"	"HipShoulder.Y"	"AnkleWrist.X"	"AnkleWrist.Y"	"MetaPhalJoint.X"	"MetaPhalJoint.Y"	"Costal1.X"	"Costal1.Y"	"Costal2.X"	"Costal2.Y"
587.087060998062	477.868425474262	447.986460709122	396.292890920876	404.288697354998	382.439977292258	492.921642174261	437.520924999928	515.970801813573	455.118963274417	451.661103094608	332.826907608	426.807111867782	339.263621074496
588.134550771967	477.874400979083	451.399621060455	396.053856588527	407.373633596712	381.737896025203	493.871002851356	437.520925005619	516.751332963608	455.462058037769	454.032722086476	332.023291471173	430.164271513823	338.219278693483
588.842069356823	477.88665576439	454.46311010785	395.629863187639	410.062725818413	381.049076774561	494.532085839144	437.520925006346	517.284351669817	455.647554175477	456.389263217172	331.170857215949	433.154536814175	337.26584861977
589.251557570856	477.900193454866	457.241093982765	395.066683700397	412.445221173598	380.391496701965	494.950108070741	437.52092500382	517.613959256275	455.701918096568	458.751455219684	330.319090538673	435.85165200313	336.412034326663
589.404348133002	477.909583282779	459.798876811925	394.410407423507	414.611832617749	379.783200463276	495.17078966278	437.520924999693	517.784920070965	455.651668943069	461.139847100409	329.517926891433	438.328861363659	335.666171380954
589.334704607992	477.904344668632	462.214991917004	393.710800809943	416.670313054415	379.24301733477	495.245700240267	437.520924994928	517.849706114768	455.523938878154	463.572898544096	328.822530136762	440.653597244655	335.032318436189
589.072329815904	477.870739089848	464.576507584158	393.020002671566	418.739408902028	378.790282799441	495.230183304579	437.520924990043	517.865762067859	455.346255562512	466.067721286046	328.291437305232	442.889542360121	334.511774847043
588.647230626462	477.795245220056	466.969923101914	392.389993662978	420.937133678029	378.444298593171	495.179330765335	437.520924985583	517.890201098461	455.146120290329	468.641516924856	327.982960549542	445.100629399719	334.106023921453
588.112217632641	477.680631448272	469.439062936378	391.860892644355	423.326533325444	378.221835418245	495.129365150303	437.520924984322	517.955272978337	454.949056868223	471.318226806369	327.938546182227	447.369539227561	333.830345461694
587.555447198454	477.554915222353	471.961605578906	391.454432694516	425.885454046954	378.135740874878	495.087261445382	437.520924992483	518.05468921474	454.777523997084	474.132238884661	328.173498463564	449.808012378156	333.721403836274
587.068116184351	477.448285952213	474.509539544535	391.190765319686	428.584413035318	378.198525092141	495.057478718893	437.520925016584	518.178846195393	454.653716712791	477.118839746772	328.700872875138	452.530289142608	333.817702946279
586.723617918071	477.386526381613	477.06197426183	391.088975888526	431.39275208027	378.409385011478	495.045405503833	437.520925057394	518.322758136729	454.591689062024	480.301404866332	329.513795177837	455.61141320057	334.142087597066
586.524131596521	477.377792589723	479.626502813482	391.163885219432	434.275111359428	378.714264823848	495.060148191916	437.52092509268	518.499910570009	454.572931134674	483.655665263306	330.525672249733	458.9696417859	334.654766211066
586.454032883899	477.425833989565	482.217839195714	391.429247993232	437.194955647386	379.045795532581	495.111742639535	437.520925094458	518.728406855201	454.570792031433	487.14544084425	331.629981248201	462.484035521005	335.300288114984
586.496793471019	477.532386254304	484.853526302914	391.898653402591	440.120008189055	379.341396823445	495.209035816313	437.520925036779	519.025215076323	454.56037711182	490.736091095298	332.726291638078	466.039783244285	336.024826098026
586.625376358113	477.675775331285	487.583992970619	392.58376684028	443.067496946811	379.594156815488	495.347053883199	437.520924917307	519.394105734466	454.537208244234	494.410873115224	333.784995958481	469.593314305049	336.793425701024
586.805964745035	477.819224118936	490.480884770593	393.495012537846	446.086588410427	379.833078746011	495.511906350379	437.520924748948	519.830334761093	454.509979238287	498.164590849666	334.822179054513	473.147019672549	337.583308433595
587.004803334366	477.925955147967	493.615049626571	394.641767281646	449.226233826319	380.087494742928	495.689544111157	437.520924546205	520.328939153575	454.487625437907	501.991996548002	335.854256625515	476.704193143679	338.371837181118
587.198606792539	477.974271934978	496.98825984421	395.971802307816	452.490531312129	380.370555252918	495.865317696405	437.520924404215	520.880334433463	454.480402304783	505.873193837292	336.871803319102	480.276336554	339.132681405766
587.380318229964	477.965853524696	500.49522052115	397.337400249653	455.814056635899	380.670329116748	496.023647075231	437.5209245431	521.467772834779	454.500611483136	509.765580979994	337.825340152705	483.887674199005	339.833785763739
587.544276752232	477.904389759967	504.02142667262	398.58262966709	459.1254051485	380.972727617683	496.14887216842	437.520925193733	522.073890394775	454.560730632889	513.624603088927	338.661942670196	487.563524779342	340.442602454812
587.682852969635	477.797915845161	507.47106652729	399.593518897901	462.379796862105	381.261960565819	496.233081733762	437.520926432547	522.677238356981	454.665936316607	517.423585855798	339.340944314168	491.328110631786	340.93227282489
587.780543511282	477.67184843075	510.823101167588	400.423935391214	465.63895043409	381.515431878568	496.29935987707	437.520927718215	523.240028790064	454.792200707428	521.207377287874	339.870710122115	495.201268637621	341.298694804406
587.819876510987	477.555949528731	514.075184889384	401.169706373996	468.991209183135	381.708844000169	496.378539541164	437.520928354969	523.720388968974	454.908194881134	525.038705971312	340.271863030257	499.201739314257	341.543455469922
587.786320496041	477.47793704703	517.224706009352	401.923524149483	472.516863095431	381.81889702738	496.498316992101	437.520927650576	524.079678864536	454.984916544177	528.975786681393	340.565637468501	503.343276666585	341.669260105772
587.699526067952	477.441766183765	520.265960836037	402.741637532525	476.202582167016	381.833888767483	496.64992462859	437.52092495388	524.316838537158	455.020410484565	533.02436114196	340.780376480904	507.581666491434	341.691813161608
587.601196779333	477.436061356532	523.191250834027	403.656783409981	479.974636400278	381.74959942165	496.80106977363	437.520919640228	524.455053266328	455.030171220338	537.156317495281	340.949009314199	511.835295741727	341.635205645353
587.532879215292	477.449215084038	525.992808865513	404.700916912829	483.758780931902	381.562244836447	496.919244868591	437.520911146073	524.517812517944	455.029886016983	541.343314366911	341.104212522944	516.02284610608	341.523696737153
587.504648959628	477.471036732154	528.660746492709	405.88259974712	487.510278949787	381.286697188466	496.982574532775	437.52090254768	524.522611723325	455.029357256611	545.577092961038	341.25891492838	520.118082258627	341.383249392327
587.477801544103	477.493531779858	531.181887262871	407.174133810273	491.230131121221	380.966745965829	496.985663261281	437.520902563027	524.477655560198	455.029265752101	549.880522478732	341.395436365114	524.180147501053	341.242467417705
587.409436366974	477.508894619083	533.542771883254	408.544701876383	494.923272520324	380.64866816733	496.924533172933	437.5209203954	524.390349501678	455.029507665218	554.279149798216	341.493463636646	528.275529533115	341.130181790144
587.264299737677	477.509608002329	535.734437270346	409.96486854842	498.593805161424	380.369244088459	496.799298653887	437.520960292594	524.270537074858	455.027460911708	558.783739995529	341.543055213363	532.461333084427	341.068450663324
587.037725610375	477.489308124361	537.765905177556	411.410725744859	502.24249881969	380.127267211496	496.626443159626	437.52100668044	524.137814022732	455.010430423257	563.345930937982	341.575756233203	536.757131004038	341.052240898239
586.732694850411	477.441919540509	539.650693567521	412.859747213048	505.869290210503	379.912034315416	496.426542412966	437.521039029277	524.014214142272	454.963202885537	567.902578690707	341.633483500996	541.173113170858	341.069746532708
586.354087606076	477.362740080294	541.404723705182	414.293465093662	509.474658500845	379.718389253083	496.219271496726	437.521036427425	523.920312537095	454.872817579806	572.392248930313	341.757766303015	545.714278078123	341.111828354327
585.928863189924	477.263031885653	543.071855244768	415.740590349769	513.065388857567	379.605660611312	496.013835553746	437.520973522247	523.859727000561	454.752500211046	576.773381566888	341.985629022324	550.325274360625	341.200348116855
585.498225536614	477.164356654926	544.713972607789	417.260271894365	516.65233483453	379.674780031079	495.812684926879	437.520822095969	523.825135125864	454.632370951154	581.017238596632	342.351189652824	554.91181526061	341.377168197382
585.103327978227	477.088178834018	546.392565849851	418.911836339255	520.246193205178	380.026717928998	495.618219528933	437.52055557316	523.809060287723	454.542550480806	585.095931852712	342.888711503032	559.379494558913	341.684883070156
584.768043070162	477.039828166257	548.127438305167	420.734834274589	523.844185530742	380.723168205682	495.436568270048	437.520248784002	523.805712952367	454.496295540401	589.019741300368	343.644083147737	563.665673744181	342.190012415654
584.489458163953	476.999625605985	549.873778889789	422.73816345696	527.422646793531	381.764946161948	495.279640006223	437.520133737384	523.811918577871	454.480723762909	592.858107509548	344.681212324443	567.756954252171	342.996159984003
584.262356507575	476.945740813865	551.581218290247	424.928084840073	530.956115280893	383.147630229813	495.1598407931	437.520455962939	523.824727567844	454.480704255933	596.685560134473	346.065556806159	571.644173213013	344.210119552831
584.082026448578	476.863345516856	553.20298557287	427.303096901849	534.425562073813	384.846913948449	495.085841714797	437.521379018483	523.841079611159	454.483197744951	600.55947502757	347.839648319409	575.340404471971	345.90642681671
583.945776732808	476.76561970709	554.706703323172	429.830648217083	537.837689427843	386.758951285639	495.051373969333	437.522738574554	523.857471537745	454.483531426966	604.468612834082	349.954314404776	578.947668734833	348.030585137992
583.851421205686	476.672745442995	556.063592506463	432.470424884788	541.205632392171	388.760011316322	495.046433783199	437.524288329867	523.870289462792	454.479124116856	608.384580397453	352.33745655636	582.590223422517	350.495839795976
583.796994586783	476.603538334069	557.248385834614	435.18300939484	544.543754266287	390.733649172674	495.061784339898	437.525682427927	523.875343773827	454.468682542727	612.282113636282	354.91720632213	586.381648008084	353.21564794233
583.783099257706	476.560929021017	558.276640073259	437.939404780907	547.880696759411	392.648120402257	495.097104698165	437.525417682879	523.861752024246	454.465885423911	616.17232396781	357.624369626279	590.311390820737	356.105929744999
583.811994156211	476.537599777578	559.190250087236	440.717337008137	551.254313458007	394.526325981914	495.157826094305	437.521244244767	523.814313809946	454.494070828924	620.089790872924	360.391477797016	594.288815580736	359.084194414689
583.885873685556	476.526182620622	560.031369967119	443.493903935541	554.702472715615	396.391792423732	495.249218270368	437.510975707047	523.718072808231	454.576464070116	624.06914333686	363.151440294362	598.223078199397	362.068025423404
584.001403623049	476.526542521726	560.831369248592	446.201794122412	558.254717032919	398.250932925059	495.361109135598	437.496978932031	523.577035538507	454.719865740806	628.124512542346	365.858129083019	602.090950660201	364.977872878113
584.146680375775	476.54975553227	561.604901407256	448.704861713476	561.927683838679	400.083635045397	495.459391758382	437.488678348764	523.424600925426	454.905618119813	632.238258078225	368.497908009941	605.974009858489	367.738630169987
584.309063200692	476.607862097591	562.36518197806	450.8610396135	565.736900447945	401.867504568951	495.507900296064	437.496105488801	523.296696272589	455.112873523422	636.390006493005	371.059935922709	609.962848165891	370.275572908194
584.477468193406	476.70854565817	563.133563902933	452.558884568224	569.692330324655	403.577483271449	495.49053918441	437.525661221953	523.220881658983	455.320375191474	640.569564289997	373.523112158824	614.129855825016	372.531913773741
584.647038804126	476.842061635052	563.963949751732	453.80944868729	573.781681528321	405.17785689472	495.471493972856	437.56922377105	523.191248265136	455.505230058055	644.807457791732	375.825298015475	618.474614562391	374.522613734991
584.814475321709	476.994308444423	564.918379501292	454.654407921316	577.987098267346	406.630247172113	495.535020489257	437.615040697173	523.19352004696	455.64413598081	649.144393275545	377.894095279771	622.978503975523	376.280570832151
584.975974053983	477.150992674404	566.057196598988	455.135374015565	582.291998744295	407.899833336289	495.764918840885	437.649110772329	523.213419491461	455.71642686173	653.617164630999	379.663710580292	627.620725013565	377.838267771745
585.121872529326	477.295590911859	567.421022337191	455.293212328059	586.694611343843	408.993150549389	496.239691383272	437.631290595486	523.23665200956	455.732080618334	658.217084239791	381.1451318277	632.355151838575	379.223359006281
585.238728418403	477.410141033166	569.037754037307	455.168306676667	591.202719406867	409.943415218379	497.034422567594	437.504570847529	523.248911995352	455.720845500736	662.906121575321	382.398883243678	637.119318749968	380.460383985677
585.313211752577	477.476990563273	570.934747574436	454.801087321264	595.823730562885	410.783764964106	498.223071070523	437.212328492607	523.236133210236	455.712603778721	667.645928382081	383.486021737537	641.851045194917	381.573671759351
585.342514062793	477.498504651922	573.119596016466	454.235252582519	600.532954803779	411.515928995371	499.815467002601	436.737983408959	523.19862247057	455.7255085697	672.408435578553	384.450029165081	646.521599348657	382.578042349504
585.340135204346	477.508075767283	575.569260080099	453.51956627532	605.255950783089	412.092953482311	501.722041196871	436.127021991664	523.1589648279	455.759532804904	677.181506802901	385.307146049186	651.154094914916	383.473576786142
585.32097789914	477.541765394164	578.258065441079	452.703227955994	609.913997469336	412.463696806788	503.844674010894	435.430269691011	523.141661741102	455.813085528583	681.954376249822	386.071269572261	655.776105427835	384.259088228977
585.297883875352	477.626850661834	581.145389671025	451.827769400656	614.452265804651	412.596667504197	506.099358582664	434.682523515833	523.180690229778	455.871093061618	686.714952941799	386.749367084008	660.407595183571	384.930815793926
585.275450886242	477.755471277403	584.130817925069	450.904051264563	618.911494625602	412.538974724071	508.458539171906	433.85446670914	523.347929556437	455.86455083143	691.445845212475	387.32068660332	665.038091526362	385.474702421728
585.25621569134	477.910982592442	587.098987254224	449.935266422762	623.356314742364	412.357377769473	510.908772818779	432.900754072481	523.724734544317	455.710971542074	696.12833622328	387.757546316381	669.649512562465	385.874117009329
585.243187819611	478.076713229029	589.941137318804	448.922537385007	627.843286707314	412.115311444341	513.435740077467	431.782524837965	524.385607891147	455.333236788839	700.742453150734	388.032843031264	674.224083505733	386.112518275821
585.244872744703	478.235681078912	592.625263112313	447.842918664561	632.335154325875	411.837563250241	516.014932352711	430.536299742903	525.325396335628	454.71664152761	705.253622346761	388.126200035463	678.747599695816	386.174409122771
585.273321711027	478.370703562655	595.168879198048	446.657937035017	636.734134469953	411.523986945275	518.615267404452	429.247232753776	526.487555675151	453.886747398529	709.617850276455	388.021580280614	683.20815977933	386.044966117856
585.340477839402	478.464798408437	597.590568431836	445.329380502955	640.941830135331	411.173815336071	521.205238717579	428.000761526057	527.814321872437	452.870057952274	713.791147329532	387.703088300529	687.593282780001	385.709523813218
585.448251064522	478.513202272484	599.923491651451	443.850238794057	644.883538683898	410.773957884156	523.734456918791	426.850711825783	529.226131751114	451.709324687507	717.739179260042	387.158983895504	691.853407041154	385.162222162782
585.582999882585	478.530091149496	602.223405566678	442.261864298607	648.521283745003	410.292222866157	526.123264204594	425.801910990358	530.609633469218	450.472483422262	721.442577636755	386.383967528888	695.881495851497	384.410849493236
585.729745031639	478.53127022458	604.548010618231	440.609769636101	651.820248196809	409.694775446019	528.289485057069	424.854971438595	531.84856863291	449.229636367642	724.883261410348	385.373293699557	699.565568409014	383.46436818484
585.873545953702	478.527447085873	606.940849976661	438.93361613551	654.779343640034	408.95693197325	530.181587647184	424.009559542564	532.866889855172	448.040746193436	728.06567620645	384.135077528896	702.837363479891	382.336780022734
585.99961690668	478.508938933639	609.388837731866	437.249659963692	657.532396565603	408.090613539587	531.870614901461	423.261557487366	533.749393776296	446.925217404204	731.084374350481	382.72887662832	705.803498103113	381.062244411581
586.093210852449	478.460965371177	611.864730703579	435.568305996977	660.246962186997	407.11689242233	533.458253435313	422.605901411361	534.621088043396	445.892314963195	734.056434842813	381.227109231748	708.614308885864	379.679960160923
586.141175147476	478.370250781973	614.343215274285	433.90370003053	663.082112465243	406.064215140786	535.050834045113	422.038394183784	535.60382184772	444.94929723482	737.091224386622	379.699838679433	711.412700869988	378.231293639324
586.148891985338	478.241012619237	616.821408993421	432.313476040985	666.098301551602	405.04675377764	536.808676130949	421.564914420293	536.782727331046	444.080095871968	740.208454230222	378.189752672717	714.25518715024	376.782809088952
586.133701519037	478.088754187613	619.310901131039	430.883324896244	669.292359203938	404.233987230655	538.926930450139	421.197841218111	538.21924821614	443.253593036224	743.36999339298	376.721877210425	717.14254408132	375.41732744462
586.113128833762	477.92915816494	621.823832084915	429.698875101174	672.660030908758	403.794710479463	541.599212740968	420.949342998667	539.973620022357	442.438760208255	746.537319434201	375.321087118273	720.074823103706	374.217265061156
586.103836986521	477.777383769326	624.390938195426	428.813956487353	676.195630264655	403.801376600783	544.892206242451	420.812447154096	542.05727448326	441.624977504869	749.706264538361	374.020848538213	723.064317544624	373.224506801317
586.12115289064	477.647778856298	627.071779513996	428.233110942753	679.891251443946	404.177108721816	548.675848819738	420.750512481134	544.405997464444	440.83325842889	752.925910558952	372.867944152358	726.142295655752	372.418113715153
586.180288522354	477.554621486753	629.928395551059	427.956640532244	683.738797700563	404.832184382708	552.803154004738	420.72434563928	546.949067660064	440.08733763463	756.249919966153	371.910302151651	729.34165794034	371.771742653774
586.28780531532	477.507128478786	633.010437457526	427.966939299362	687.730372180748	405.678952919735	557.138342950835	420.689367115644	549.626040068558	439.395651629754	759.720167714107	371.183651662459	732.692075731203	371.26841977535
586.415662532886	477.494271679285	636.318002946207	428.174769202315	691.858877599997	406.638050853705	561.590467297291	420.579452707789	552.417574905498	438.705444335345	763.331378692808	370.674925552827	736.210303679431	370.928648466293
586.527168895821	477.49996169234	639.838801370388	428.472984177979	696.117416566122	407.632186501559	566.079786304837	420.323092040896	555.31460869074	437.948661525839	767.066490276211	370.358857626225	739.909867265682	370.782301420076
586.588001874298	477.508984088105	643.565904645837	428.765228158028	700.501900574782	408.58734621594	570.533647743604	419.866247064852	558.308456523101	437.068211680955	770.90885215228	370.209631737006	743.800775086638	370.8557105087
586.591375650311	477.516295917261	647.554724477154	429.080578763658	705.040894442919	409.467623514572	574.961803305465	419.357995504316	561.394834481824	436.134444729299	774.84660715932	370.195038581054	747.852151962727	371.134045554589
586.548270026381	477.52341647599	651.900891787544	429.529038577046	709.784029646358	410.261697182965	579.427168502774	419.078457519278	564.572297988364	435.299930889086	778.8709904907	370.278744235882	752.006746084541	371.575920219144
586.470107945283	477.531952683089	656.698867763581	430.221146610053	714.780377437663	410.959159217412	583.993124114397	419.307272733979	567.839559497867	434.71753868411	782.973195322369	370.424557881826	756.207502128572	372.139525174342
586.377135144465	477.542206568912	661.932710175515	431.218702694419	720.024329014655	411.579808993292	588.697803089444	420.164206192337	571.201914145001	434.475814683499	787.138801430223	370.608999486679	760.435530555309	372.784227887826
586.303272693118	477.552457586721	667.415351498284	432.507960932699	725.425521490305	412.190267323562	593.540204240901	421.521217338764	574.674860217681	434.56360642664	791.344687820075	370.828290738794	764.731098790432	373.471219860513
586.283618033054	477.560811204651	672.945003751319	434.068676870101	730.886301303616	412.861182671725	598.515960004455	423.228949006961	578.274773694426	434.961185192299	795.566985044398	371.080348098188	769.139563030819	374.161849499408
586.333846084307	477.5633093546	678.376085427188	435.864129944696	736.314614799021	413.648048770787	603.641369049224	425.16284989027	582.045593815981	435.652527278405	799.795630055898	371.360842675421	773.685506164903	374.834071592902
586.391941679781	477.547739823509	683.787840911014	437.791695166011	741.640807942666	414.545740431763	609.01539497805	427.29759212057	586.141512871991	436.636429059545	804.075785408209	371.656464183228	778.310417847324	375.532266454912
586.376467130598	477.499826862082	689.31572106106	439.732271436435	746.800826606128	415.533977735172	614.757667627211	429.632653689381	590.744286414331	437.915391929472	808.466420055197	371.951656984887	782.935014424278	376.317420780744
586.214015134187	477.407302705039	695.086674248245	441.575532335915	751.742482255403	416.591761548417	620.975366707477	432.171548315027	596.019126838932	439.493427380883	813.020673552478	372.233479277784	787.488535247036	377.242501033268
585.92453162879	477.281242401273	701.128807428117	443.313157070954	756.551523891652	417.689731886435	627.63093922063	434.964705039957	601.938932353928	441.392101806706	817.723918701001	372.519375080811	791.999299600915	378.267238473358
585.588190449947	477.147780879793	707.406458901143	445.002634929713	761.402692474205	418.793134665794	634.593456227172	438.09282085767	608.352527497901	443.644307341958	822.517807814832	372.846392168671	796.559549309322	379.291212618659
585.285968471828	477.033253868007	713.88311671906	446.702332668105	766.471915521834	419.867143881752	641.730743775051	441.636996334343	615.107082493842	446.283087131549	827.343410268211	373.251839699478	801.262378496172	380.213200963573
585.086796989145	476.960985117303	720.535022664616	448.457455025712	771.917322161677	420.878012349241	648.929303100476	445.672278445945	622.07458229865	449.339219171971	832.150539532757	373.769106080182	806.188096777762	380.944011351149
585.040936648445	476.949629816232	727.358186803638	450.292805616807	777.86945401384	421.793665053686	656.104581981448	450.264331103619	629.165474706785	452.83997047967	836.902562431019	374.425502553433	811.397197783581	381.413098664833
585.197042019016	477.017441556541	734.350319699417	452.23143312015	784.456479579544	422.582170823133	663.174518221074	455.478011073148	636.293516143894	456.812306051305	841.5640116652	375.24781759506	816.948470542101	381.551521834562
