StressAxial	StressAP	StressDV	NetBendFemMag	NetBendFemAng	PeakTensStress	PeakCompStress	FemShear	
-5.116860e+06	-2.934452e+06	2.421706e+07	2.439420e+07	-8.309102e+01	1.927734e+07	-2.951106e+07	2.962945e+06	
-5.304023e+06	-2.606342e+06	2.515098e+07	2.528566e+07	-8.408371e+01	1.998164e+07	-3.058969e+07	2.712751e+06	
-5.416947e+06	-2.339536e+06	2.566049e+07	2.576692e+07	-8.479062e+01	2.034997e+07	-3.118386e+07	2.470743e+06	
-5.484966e+06	-2.111251e+06	2.592641e+07	2.601223e+07	-8.534457e+01	2.052726e+07	-3.149720e+07	2.231064e+06	
-5.523520e+06	-1.906331e+06	2.604332e+07	2.611300e+07	-8.581353e+01	2.058948e+07	-3.163652e+07	1.990015e+06	
-5.541465e+06	-1.714838e+06	2.606341e+07	2.611976e+07	-8.623569e+01	2.057829e+07	-3.166122e+07	1.744352e+06	
-5.544475e+06	-1.527252e+06	2.601727e+07	2.606205e+07	-8.664054e+01	2.051758e+07	-3.160653e+07	1.485472e+06	
-5.535758e+06	-1.336793e+06	2.591709e+07	2.595155e+07	-8.704736e+01	2.041579e+07	-3.148730e+07	1.203800e+06	
-5.516663e+06	-1.139966e+06	2.576077e+07	2.578598e+07	-8.746623e+01	2.026931e+07	-3.130264e+07	8.903902e+05	
-5.486052e+06	-9.390013e+05	2.552902e+07	2.554628e+07	-8.789354e+01	2.006023e+07	-3.103233e+07	5.437220e+05	
-5.441724e+06	-7.505475e+05	2.519277e+07	2.520394e+07	-8.829357e+01	1.976222e+07	-3.064567e+07	1.910279e+05	
-5.384548e+06	-5.929479e+05	2.474242e+07	2.474952e+07	-8.862721e+01	1.936497e+07	-3.013407e+07	-1.340470e+05	
-5.316792e+06	-4.819864e+05	2.418138e+07	2.418618e+07	-8.885816e+01	1.886939e+07	-2.950297e+07	-3.993051e+05	
-5.239870e+06	-4.276559e+05	2.351352e+07	2.351741e+07	-8.895807e+01	1.827754e+07	-2.875728e+07	-5.808917e+05	
-5.154698e+06	-4.248155e+05	2.274707e+07	2.275104e+07	-8.893012e+01	1.759634e+07	-2.790573e+07	-6.839411e+05	
-5.061179e+06	-4.633411e+05	2.188630e+07	2.189121e+07	-8.878724e+01	1.683003e+07	-2.695238e+07	-7.234708e+05	
-4.958143e+06	-5.322000e+05	2.092949e+07	2.093626e+07	-8.854342e+01	1.597811e+07	-2.589440e+07	-7.172033e+05	
-4.844591e+06	-6.235037e+05	1.987521e+07	1.988499e+07	-8.820320e+01	1.504040e+07	-2.472958e+07	-6.794842e+05	
-4.719871e+06	-7.416793e+05	1.872203e+07	1.873672e+07	-8.773143e+01	1.401685e+07	-2.345659e+07	-6.043846e+05	
-4.582756e+06	-8.933977e+05	1.746646e+07	1.748929e+07	-8.707194e+01	1.290653e+07	-2.207205e+07	-4.808403e+05	
-4.431636e+06	-1.084847e+06	1.610401e+07	1.614051e+07	-8.614612e+01	1.170888e+07	-2.057215e+07	-2.972532e+05	
-4.265516e+06	-1.316707e+06	1.463546e+07	1.469457e+07	-8.485915e+01	1.042906e+07	-1.896009e+07	-5.195520e+04	
-4.085993e+06	-1.568370e+06	1.308172e+07	1.317540e+07	-8.316346e+01	9.089404e+06	-1.726139e+07	2.143752e+05	
-3.896507e+06	-1.817117e+06	1.147340e+07	1.161640e+07	-8.100047e+01	7.719894e+06	-1.551291e+07	4.545083e+05	
-3.702076e+06	-2.045613e+06	9.846979e+06	1.005721e+07	-7.826431e+01	6.355137e+06	-1.375929e+07	6.284857e+05	
-3.506945e+06	-2.246364e+06	8.230542e+06	8.531587e+06	-7.473409e+01	5.024642e+06	-1.203853e+07	7.150246e+05	
-3.310545e+06	-2.431714e+06	6.619894e+06	7.052392e+06	-6.983001e+01	3.741847e+06	-1.036294e+07	7.379213e+05	
-3.111440e+06	-2.617422e+06	5.006429e+06	5.649357e+06	-6.239890e+01	2.537917e+06	-8.760797e+06	7.286267e+05	
-2.909110e+06	-2.817638e+06	3.389383e+06	4.407607e+06	-5.026284e+01	1.498497e+06	-7.316717e+06	7.137719e+05	
-2.703986e+06	-3.043004e+06	1.777679e+06	3.524204e+06	-3.029287e+01	8.202181e+05	-6.228190e+06	7.149892e+05	
-2.498400e+06	-3.295702e+06	1.944683e+05	3.301435e+06	-3.376917e+00	8.030342e+05	-5.799835e+06	7.509720e+05	
-2.295187e+06	-3.571802e+06	-1.335319e+06	3.813246e+06	2.049828e+01	1.518059e+06	-6.108433e+06	8.335032e+05	
-2.096361e+06	-3.861535e+06	-2.793660e+06	4.766129e+06	3.588418e+01	2.669768e+06	-6.862490e+06	9.655204e+05	
-1.902859e+06	-4.154446e+06	-4.170322e+06	5.886511e+06	4.510929e+01	3.983652e+06	-7.789370e+06	1.141428e+06	
-1.715481e+06	-4.457559e+06	-5.447985e+06	7.039202e+06	5.070988e+01	5.323721e+06	-8.754683e+06	1.353547e+06	
-1.536005e+06	-4.785399e+06	-6.594285e+06	8.147676e+06	5.403205e+01	6.611672e+06	-9.683681e+06	1.601931e+06	
-1.367208e+06	-5.153998e+06	-7.561485e+06	9.150943e+06	5.572122e+01	7.783734e+06	-1.051815e+07	1.894358e+06	
-1.213704e+06	-5.570769e+06	-8.288203e+06	9.986380e+06	5.609370e+01	8.772676e+06	-1.120008e+07	2.241444e+06	
-1.080661e+06	-6.008643e+06	-8.735293e+06	1.060232e+07	5.547756e+01	9.521657e+06	-1.168298e+07	2.639260e+06	
-9.700505e+05	-6.427154e+06	-8.907643e+06	1.098428e+07	5.418834e+01	1.001423e+07	-1.195433e+07	3.068288e+06	
-8.798324e+05	-6.788172e+06	-8.854885e+06	1.115743e+07	5.252618e+01	1.027760e+07	-1.203726e+07	3.500248e+06	
-8.049960e+05	-7.066845e+06	-8.654585e+06	1.117328e+07	5.076689e+01	1.036828e+07	-1.197827e+07	3.906387e+06	
-7.419554e+05	-7.263126e+06	-8.365670e+06	1.107869e+07	4.903530e+01	1.033674e+07	-1.182065e+07	4.268000e+06	
-6.902330e+05	-7.386239e+06	-8.020471e+06	1.090342e+07	4.735732e+01	1.021318e+07	-1.159365e+07	4.576589e+06	
-6.523694e+05	-7.448788e+06	-7.629052e+06	1.066240e+07	4.568499e+01	1.001004e+07	-1.131477e+07	4.830458e+06	
-6.315296e+05	-7.462811e+06	-7.192743e+06	1.036480e+07	4.394430e+01	9.733271e+06	-1.099633e+07	5.030622e+06	
-6.277626e+05	-7.443867e+06	-6.692466e+06	1.001001e+07	4.195738e+01	9.382245e+06	-1.063777e+07	5.170387e+06	
-6.320546e+05	-7.383632e+06	-6.257411e+06	9.678492e+06	4.028031e+01	9.046437e+06	-1.031055e+07	5.263404e+06	
-6.422531e+05	-7.300112e+06	-5.867548e+06	9.365883e+06	3.879099e+01	8.723630e+06	-1.000814e+07	5.307995e+06	
-6.535072e+05	-7.202621e+06	-5.546119e+06	9.090500e+06	3.759679e+01	8.436993e+06	-9.744007e+06	5.310837e+06	
-6.634693e+05	-7.100953e+06	-5.288031e+06	8.853632e+06	3.667482e+01	8.190162e+06	-9.517101e+06	5.282451e+06	
-6.707793e+05	-7.003464e+06	-5.081273e+06	8.652621e+06	3.596229e+01	7.981841e+06	-9.323400e+06	5.232711e+06	
-6.740850e+05	-6.916391e+06	-4.914100e+06	8.484389e+06	3.539383e+01	7.810304e+06	-9.158474e+06	5.169613e+06	
-6.725734e+05	-6.844591e+06	-4.773699e+06	8.344856e+06	3.489351e+01	7.672283e+06	-9.017430e+06	5.100502e+06	
-6.671407e+05	-6.791286e+06	-4.644796e+06	8.227740e+06	3.436959e+01	7.560599e+06	-8.894880e+06	5.033019e+06	
-6.594212e+05	-6.757651e+06	-4.508619e+06	8.123638e+06	3.371073e+01	7.464217e+06	-8.783059e+06	4.972356e+06	
-6.517048e+05	-6.742740e+06	-4.341671e+06	8.019641e+06	3.277762e+01	7.367937e+06	-8.671346e+06	4.919783e+06	
-6.470337e+05	-6.742378e+06	-4.122109e+06	7.902623e+06	3.144050e+01	7.255589e+06	-8.549656e+06	4.872078e+06	
-6.461665e+05	-6.745258e+06	-3.861026e+06	7.772131e+06	2.978709e+01	7.125965e+06	-8.418298e+06	4.825900e+06	
-6.473421e+05	-6.738618e+06	-3.587167e+06	7.633920e+06	2.802771e+01	6.986578e+06	-8.281262e+06	4.781395e+06	
-6.467580e+05	-6.711823e+06	-3.339226e+06	7.496599e+06	2.645100e+01	6.849841e+06	-8.143357e+06	4.744560e+06	
-6.396857e+05	-6.658066e+06	-3.153037e+06	7.366918e+06	2.534068e+01	6.727232e+06	-8.006604e+06	4.723082e+06	
-6.240297e+05	-6.576685e+06	-3.023700e+06	7.238477e+06	2.469111e+01	6.614447e+06	-7.862507e+06	4.710658e+06	
-5.993513e+05	-6.468612e+06	-2.933664e+06	7.102768e+06	2.439539e+01	6.503417e+06	-7.702120e+06	4.695453e+06	
-5.663241e+05	-6.335527e+06	-2.863335e+06	6.952524e+06	2.432055e+01	6.386200e+06	-7.518848e+06	4.664298e+06	
-5.259970e+05	-6.179456e+06	-2.795792e+06	6.782487e+06	2.434359e+01	6.256490e+06	-7.308484e+06	4.605543e+06	
-4.799649e+05	-6.003437e+06	-2.721751e+06	6.591600e+06	2.438790e+01	6.111635e+06	-7.071565e+06	4.515640e+06	
-4.304261e+05	-5.811660e+06	-2.633327e+06	6.380423e+06	2.437582e+01	5.949997e+06	-6.810849e+06	4.392969e+06	
-3.795967e+05	-5.608088e+06	-2.523424e+06	6.149660e+06	2.422592e+01	5.770063e+06	-6.529257e+06	4.235009e+06	
-3.285127e+05	-5.395807e+06	-2.392793e+06	5.902558e+06	2.391510e+01	5.574045e+06	-6.231071e+06	4.041604e+06	
-2.775200e+05	-5.174964e+06	-2.247421e+06	5.641911e+06	2.347470e+01	5.364391e+06	-5.919431e+06	3.811097e+06	
-2.364149e+05	-4.951700e+06	-2.008395e+06	5.343499e+06	2.207734e+01	5.107084e+06	-5.579914e+06	3.589478e+06	
-2.293692e+05	-4.723831e+06	-1.479134e+06	4.949991e+06	1.738648e+01	4.720622e+06	-5.179360e+06	3.379585e+06	
-2.214807e+05	-4.490393e+06	-9.515588e+05	4.590108e+06	1.196455e+01	4.368627e+06	-4.811588e+06	3.195400e+06	
-2.128754e+05	-4.250218e+06	-4.363885e+05	4.272563e+06	5.862268e+00	4.059687e+06	-4.485438e+06	3.037947e+06	
-2.036480e+05	-4.002725e+06	5.218879e+04	4.003065e+06	-7.469983e-01	3.799417e+06	-4.206713e+06	2.905355e+06	
-1.938875e+05	-3.748838e+06	4.969508e+05	3.781633e+06	-7.551180e+00	3.587745e+06	-3.975520e+06	2.796195e+06	
-1.837298e+05	-3.492120e+06	8.748443e+05	3.600036e+06	-1.406426e+01	3.416306e+06	-3.783766e+06	2.706550e+06	
-1.733211e+05	-3.238371e+06	1.161790e+06	3.440465e+06	-1.973584e+01	3.267144e+06	-3.613786e+06	2.623024e+06	
-1.628187e+05	-2.993466e+06	1.350298e+06	3.283921e+06	-2.427927e+01	3.121103e+06	-3.446740e+06	2.531276e+06	
-1.524145e+05	-2.762505e+06	1.447894e+06	3.118947e+06	-2.766010e+01	2.966533e+06	-3.271362e+06	2.419052e+06	
-1.438454e+05	-2.531962e+06	1.469412e+06	2.927457e+06	-3.012854e+01	2.783611e+06	-3.071302e+06	2.213866e+06	
-1.345058e+05	-2.332434e+06	1.426676e+06	2.734164e+06	-3.145281e+01	2.599658e+06	-2.868670e+06	2.090419e+06	
-1.257135e+05	-2.151566e+06	1.326184e+06	2.527450e+06	-3.164890e+01	2.401736e+06	-2.653163e+06	1.966220e+06	
-1.175652e+05	-1.989280e+06	1.172353e+06	2.309036e+06	-3.051235e+01	2.191470e+06	-2.426601e+06	1.853242e+06	
-1.100485e+05	-1.843042e+06	9.749115e+05	2.085007e+06	-2.787745e+01	1.974959e+06	-2.195056e+06	1.756696e+06	
-1.031085e+05	-1.706932e+06	7.602113e+05	1.868566e+06	-2.400662e+01	1.765457e+06	-1.971674e+06	1.670015e+06	
-9.671500e+04	-1.576402e+06	5.520702e+05	1.670277e+06	-1.930072e+01	1.573562e+06	-1.766992e+06	1.586048e+06	
-9.084876e+04	-1.448536e+06	3.675881e+05	1.494449e+06	-1.423911e+01	1.403600e+06	-1.585298e+06	1.499729e+06	
-8.544367e+04	-1.322397e+06	2.145200e+05	1.339684e+06	-9.214291e+00	1.254240e+06	-1.425127e+06	1.409174e+06	
-8.028988e+04	-1.200940e+06	8.427841e+04	1.203894e+06	-4.014268e+00	1.123604e+06	-1.284183e+06	1.318804e+06	
-7.517115e+04	-1.086627e+06	-3.127042e+04	1.087077e+06	1.648376e+00	1.011906e+06	-1.162248e+06	1.232889e+06	
-6.990004e+04	-9.803003e+05	-1.354079e+05	9.896079e+05	7.864445e+00	9.197079e+05	-1.059508e+06	1.153703e+06	
-6.440256e+04	-8.819411e+05	-2.285594e+05	9.110760e+05	1.452886e+01	8.466734e+05	-9.754786e+05	1.081495e+06	
-6.234508e+04	-7.505673e+05	-3.083244e+05	8.114278e+05	2.233230e+01	7.490828e+05	-8.737729e+05	8.811931e+05	
-5.679917e+04	-6.585990e+05	-3.720997e+05	7.564462e+05	2.946588e+01	6.996470e+05	-8.132453e+05	8.483191e+05	
-5.111652e+04	-5.690331e+05	-4.190276e+05	7.066702e+05	3.636740e+01	6.555537e+05	-7.577867e+05	8.097319e+05	
-4.535641e+04	-4.821473e+05	-4.505645e+05	6.599049e+05	4.306065e+01	6.145485e+05	-7.052613e+05	7.637418e+05	
-3.956323e+04	-3.987426e+05	-4.679102e+05	6.147647e+05	4.956312e+01	5.752015e+05	-6.543279e+05	7.092537e+05	
-3.378362e+04	-3.196347e+05	-4.711922e+05	5.693754e+05	5.584889e+01	5.355918e+05	-6.031590e+05	6.449444e+05	
-2.810571e+04	-2.463052e+05	-4.615323e+05	5.231427e+05	6.191260e+01	4.950370e+05	-5.512484e+05	5.705952e+05	
