StressAxial	StressAP	StressDV	NetBendFemMag	NetBendFemAng	PeakTensStress	PeakCompStress	FemShear	
-4.955945e+06	2.372401e+05	2.413358e+07	2.413475e+07	8.943682e+01	1.917880e+07	-2.909069e+07	-2.387149e+06	
-4.959015e+06	1.820159e+05	2.389292e+07	2.389361e+07	8.956356e+01	1.893459e+07	-2.885262e+07	-2.384714e+06	
-4.942515e+06	1.651815e+05	2.354520e+07	2.354578e+07	8.959808e+01	1.860326e+07	-2.848829e+07	-2.405296e+06	
-4.908333e+06	1.670968e+05	2.309197e+07	2.309257e+07	8.958544e+01	1.818424e+07	-2.800091e+07	-2.437606e+06	
-4.857824e+06	1.763775e+05	2.253717e+07	2.253786e+07	8.955164e+01	1.768004e+07	-2.739569e+07	-2.473221e+06	
-4.792356e+06	1.857960e+05	2.188816e+07	2.188895e+07	8.951369e+01	1.709659e+07	-2.668130e+07	-2.505902e+06	
-4.714557e+06	1.899655e+05	2.116228e+07	2.116314e+07	8.948572e+01	1.644858e+07	-2.587769e+07	-2.530731e+06	
-4.628777e+06	1.843630e+05	2.038979e+07	2.039063e+07	8.948198e+01	1.576185e+07	-2.501940e+07	-2.543399e+06	
-4.539570e+06	1.657953e+05	1.960241e+07	1.960311e+07	8.951544e+01	1.506354e+07	-2.414268e+07	-2.540954e+06	
-4.451204e+06	1.322733e+05	1.883013e+07	1.883060e+07	8.959756e+01	1.437939e+07	-2.328180e+07	-2.521741e+06	
-4.367741e+06	8.259042e+04	1.810119e+07	1.810138e+07	8.973861e+01	1.373363e+07	-2.246912e+07	-2.485301e+06	
-4.289701e+06	1.689575e+04	1.741483e+07	1.741484e+07	8.994444e+01	1.312514e+07	-2.170454e+07	-2.434585e+06	
-4.213522e+06	-6.355740e+04	1.673788e+07	1.673800e+07	-8.978247e+01	1.252448e+07	-2.095152e+07	-2.375231e+06	
-4.135030e+06	-1.576752e+05	1.603343e+07	1.603420e+07	-8.943659e+01	1.189917e+07	-2.016923e+07	-2.312149e+06	
-4.050046e+06	-2.652649e+05	1.526480e+07	1.526711e+07	-8.900447e+01	1.121706e+07	-1.931715e+07	-2.248718e+06	
-3.956915e+06	-3.646435e+05	1.439906e+07	1.440368e+07	-8.854938e+01	1.044677e+07	-1.836059e+07	-2.185819e+06	
-3.853206e+06	-4.767465e+05	1.342926e+07	1.343772e+07	-8.796685e+01	9.584519e+06	-1.729093e+07	-2.116309e+06	
-3.738998e+06	-6.109357e+05	1.236320e+07	1.237828e+07	-8.717102e+01	8.639284e+06	-1.611728e+07	-2.029871e+06	
-3.614757e+06	-7.717361e+05	1.121155e+07	1.123808e+07	-8.606234e+01	7.623323e+06	-1.485284e+07	-1.917331e+06	
-3.481115e+06	-9.628452e+05	9.989066e+06	1.003536e+07	-8.449430e+01	6.554248e+06	-1.351648e+07	-1.770816e+06	
-3.338422e+06	-1.185039e+06	8.711721e+06	8.791951e+06	-8.225374e+01	5.453529e+06	-1.213037e+07	-1.587175e+06	
-3.186269e+06	-1.431287e+06	7.389885e+06	7.527216e+06	-7.903859e+01	4.340947e+06	-1.071349e+07	-1.378092e+06	
-3.024885e+06	-1.693409e+06	6.035163e+06	6.268240e+06	-7.432641e+01	3.243354e+06	-9.293125e+06	-1.158328e+06	
-2.855628e+06	-1.964652e+06	4.662671e+06	5.059680e+06	-6.715153e+01	2.204052e+06	-7.915308e+06	-9.415071e+05	
-2.680598e+06	-2.239659e+06	3.288352e+06	3.978609e+06	-5.574168e+01	1.298012e+06	-6.659207e+06	-7.403739e+05	
-2.503037e+06	-2.516169e+06	1.934578e+06	3.173909e+06	-3.755521e+01	6.708722e+05	-5.676946e+06	-5.600934e+05	
-2.328047e+06	-2.795586e+06	6.389564e+05	2.867676e+06	-1.287433e+01	5.396284e+05	-5.195723e+06	-3.906555e+05	
-2.160862e+06	-3.077474e+06	-5.618247e+05	3.128337e+06	1.034601e+01	9.674747e+05	-5.289199e+06	-2.218996e+05	
-2.006156e+06	-3.358404e+06	-1.637185e+06	3.736208e+06	2.598873e+01	1.730052e+06	-5.742364e+06	-4.650478e+04	
-1.867756e+06	-3.632264e+06	-2.564656e+06	4.446437e+06	3.522503e+01	2.578681e+06	-6.314194e+06	1.395801e+05	
-1.747420e+06	-3.893246e+06	-3.338514e+06	5.128649e+06	4.061357e+01	3.381229e+06	-6.876069e+06	3.363001e+05	
-1.644846e+06	-4.137731e+06	-3.968243e+06	5.733042e+06	4.380219e+01	4.088196e+06	-7.377888e+06	5.399099e+05	
-1.559180e+06	-4.362747e+06	-4.466773e+06	6.243847e+06	4.567502e+01	4.684667e+06	-7.803027e+06	7.452264e+05	
-1.489104e+06	-4.566085e+06	-4.848872e+06	6.660382e+06	4.672043e+01	5.171279e+06	-8.149486e+06	9.470291e+05	
-1.433163e+06	-4.746570e+06	-5.129043e+06	6.988348e+06	4.721792e+01	5.555185e+06	-8.421510e+06	1.140740e+06	
-1.389960e+06	-4.903672e+06	-5.323996e+06	7.238158e+06	4.735336e+01	5.848198e+06	-8.628118e+06	1.320369e+06	
-1.357871e+06	-5.037476e+06	-5.451946e+06	7.422930e+06	4.726278e+01	6.065058e+06	-8.780801e+06	1.480328e+06	
-1.334998e+06	-5.148679e+06	-5.530151e+06	7.555890e+06	4.704588e+01	6.220892e+06	-8.890888e+06	1.617238e+06	
-1.319507e+06	-5.238570e+06	-5.574154e+06	7.649432e+06	4.677768e+01	6.329924e+06	-8.968939e+06	1.729535e+06	
-1.309739e+06	-5.309495e+06	-5.596050e+06	7.714047e+06	4.650518e+01	6.404308e+06	-9.023785e+06	1.818185e+06	
-1.303919e+06	-5.367467e+06	-5.598354e+06	7.755725e+06	4.620621e+01	6.451806e+06	-9.059644e+06	1.891759e+06	
-1.300264e+06	-5.419060e+06	-5.579248e+06	7.777803e+06	4.583446e+01	6.477539e+06	-9.078067e+06	1.961156e+06	
-1.297230e+06	-5.470516e+06	-5.535340e+06	7.782450e+06	4.533748e+01	6.485220e+06	-9.079681e+06	2.037152e+06	
-1.293573e+06	-5.527638e+06	-5.461939e+06	7.770943e+06	4.465749e+01	6.477370e+06	-9.064516e+06	2.130015e+06	
-1.288528e+06	-5.593117e+06	-5.353377e+06	7.742196e+06	4.374538e+01	6.453668e+06	-9.030724e+06	2.245429e+06	
-1.282406e+06	-5.663062e+06	-5.202496e+06	7.690009e+06	4.257283e+01	6.407603e+06	-8.972415e+06	2.378315e+06	
-1.275943e+06	-5.732644e+06	-5.002360e+06	7.608338e+06	4.110828e+01	6.332396e+06	-8.884281e+06	2.521244e+06	
-1.270153e+06	-5.797182e+06	-4.746518e+06	7.492447e+06	3.930936e+01	6.222294e+06	-8.762599e+06	2.665899e+06	
-1.265992e+06	-5.851866e+06	-4.430215e+06	7.339696e+06	3.712793e+01	6.073704e+06	-8.605689e+06	2.802854e+06	
-1.263792e+06	-5.891867e+06	-4.056630e+06	7.153345e+06	3.454795e+01	5.889553e+06	-8.417137e+06	2.923508e+06	
-1.263358e+06	-5.913343e+06	-3.637957e+06	6.942792e+06	3.160032e+01	5.679434e+06	-8.206150e+06	3.022457e+06	
-1.264644e+06	-5.913885e+06	-3.187040e+06	6.717980e+06	2.832060e+01	5.453336e+06	-7.982624e+06	3.096460e+06	
-1.267524e+06	-5.892230e+06	-2.717527e+06	6.488707e+06	2.475941e+01	5.221184e+06	-7.756231e+06	3.144821e+06	
-1.275200e+06	-5.850453e+06	-2.206831e+06	6.252832e+06	2.066683e+01	4.977631e+06	-7.528032e+06	3.167094e+06	
-1.279179e+06	-5.786263e+06	-1.743972e+06	6.043366e+06	1.677274e+01	4.764187e+06	-7.322545e+06	3.175534e+06	
-1.281476e+06	-5.707526e+06	-1.302035e+06	5.854156e+06	1.285075e+01	4.572680e+06	-7.135632e+06	3.176950e+06	
-1.280555e+06	-5.618498e+06	-8.905293e+05	5.688634e+06	9.006436e+00	4.408079e+06	-6.969189e+06	3.179464e+06	
-1.274885e+06	-5.522876e+06	-5.175472e+05	5.547072e+06	5.353540e+00	4.272187e+06	-6.821958e+06	3.190369e+06	
-1.263450e+06	-5.423409e+06	-1.876779e+05	5.426656e+06	1.981939e+00	4.163206e+06	-6.690105e+06	3.214232e+06	
-1.246571e+06	-5.319395e+06	1.011793e+05	5.320357e+06	-1.089683e+00	4.073786e+06	-6.566929e+06	3.243918e+06	
-1.224473e+06	-5.209339e+06	3.491006e+05	5.221023e+06	-3.833910e+00	3.996551e+06	-6.445496e+06	3.268413e+06	
-1.196638e+06	-5.092368e+06	5.511078e+05	5.122102e+06	-6.176645e+00	3.925464e+06	-6.318740e+06	3.277579e+06	
-1.162238e+06	-4.968576e+06	6.999748e+05	5.017640e+06	-8.019078e+00	3.855402e+06	-6.179878e+06	3.262514e+06	
-1.123698e+06	-4.837227e+06	8.146198e+05	4.905341e+06	-9.559281e+00	3.781643e+06	-6.029039e+06	3.212615e+06	
-1.075229e+06	-4.705411e+06	8.529396e+05	4.782091e+06	-1.027432e+01	3.706862e+06	-5.857321e+06	3.144915e+06	
-1.020526e+06	-4.572955e+06	8.469137e+05	4.650718e+06	-1.049233e+01	3.630192e+06	-5.671244e+06	3.060030e+06	
-9.604463e+05	-4.441409e+06	8.051507e+05	4.513799e+06	-1.027515e+01	3.553353e+06	-5.474245e+06	2.963897e+06	
-8.962205e+05	-4.312111e+06	7.368523e+05	4.374614e+06	-9.697031e+00	3.478394e+06	-5.270835e+06	2.861833e+06	
-8.289227e+05	-4.185419e+06	6.467946e+05	4.235100e+06	-8.784728e+00	3.406178e+06	-5.064023e+06	2.758501e+06	
-7.594205e+05	-4.060490e+06	5.347698e+05	4.095553e+06	-7.502724e+00	3.336133e+06	-4.854974e+06	2.657768e+06	
-6.890490e+05	-3.936822e+06	4.030837e+05	3.957404e+06	-5.846036e+00	3.268355e+06	-4.646453e+06	2.562786e+06	
-6.198369e+05	-3.814542e+06	2.580896e+05	3.823263e+06	-3.870700e+00	3.203426e+06	-4.443100e+06	2.475723e+06	
-5.539986e+05	-3.694098e+06	1.081300e+05	3.695681e+06	-1.676627e+00	3.141682e+06	-4.249679e+06	2.397971e+06	
-4.921196e+05	-3.576374e+06	-4.311435e+04	3.576634e+06	6.906860e-01	3.084514e+06	-4.068753e+06	2.331642e+06	
-4.334746e+05	-3.462382e+06	-1.965275e+05	3.467955e+06	3.248668e+00	3.034480e+06	-3.901429e+06	2.279504e+06	
-3.773870e+05	-3.352970e+06	-3.532673e+05	3.371529e+06	6.014468e+00	2.994142e+06	-3.748916e+06	2.244047e+06	
-3.229929e+05	-3.248394e+06	-5.157992e+05	3.289090e+06	9.022440e+00	2.966098e+06	-3.612083e+06	2.227428e+06	
-2.692571e+05	-3.148224e+06	-6.876659e+05	3.222452e+06	1.232158e+01	2.953195e+06	-3.491709e+06	2.230988e+06	
-2.162281e+05	-3.051456e+06	-8.673506e+05	3.172330e+06	1.586736e+01	2.956102e+06	-3.388558e+06	2.250689e+06	
-1.645960e+05	-2.957306e+06	-1.050289e+06	3.138274e+06	1.955253e+01	2.973678e+06	-3.302870e+06	2.280556e+06	
-1.415543e+05	-2.864973e+06	-1.012160e+06	3.038509e+06	1.945770e+01	2.896954e+06	-3.180063e+06	2.315163e+06	
-1.369862e+05	-2.773370e+06	-8.361314e+05	2.896670e+06	1.677731e+01	2.759684e+06	-3.033656e+06	2.349773e+06	
-1.324233e+05	-2.681339e+06	-6.749630e+05	2.764987e+06	1.412929e+01	2.632563e+06	-2.897410e+06	2.379627e+06	
-1.279218e+05	-2.587490e+06	-5.297328e+05	2.641159e+06	1.157020e+01	2.513238e+06	-2.769081e+06	2.398486e+06	
-1.235465e+05	-2.490094e+06	-3.997604e+05	2.521979e+06	9.120461e+00	2.398432e+06	-2.645525e+06	2.400058e+06	
-1.220327e+05	-2.358111e+06	-2.820433e+05	2.374918e+06	6.820499e+00	2.252885e+06	-2.496951e+06	2.269646e+06	
-1.182076e+05	-2.245518e+06	-1.725121e+05	2.252135e+06	4.393125e+00	2.133928e+06	-2.370343e+06	2.239499e+06	
-1.145310e+05	-2.124623e+06	-7.036854e+04	2.125788e+06	1.896971e+00	2.011257e+06	-2.240319e+06	2.177082e+06	
-1.108207e+05	-1.996350e+06	1.917642e+04	1.996442e+06	-5.503515e-01	1.885622e+06	-2.107263e+06	2.088246e+06	
-1.068942e+05	-1.862088e+06	9.080065e+04	1.864300e+06	-2.791693e+00	1.757406e+06	-1.971194e+06	1.979540e+06	
-1.026099e+05	-1.723941e+06	1.392321e+05	1.729554e+06	-4.617406e+00	1.626944e+06	-1.832164e+06	1.857600e+06	
-9.788568e+04	-1.584667e+06	1.597461e+05	1.592698e+06	-5.756393e+00	1.494813e+06	-1.690584e+06	1.728891e+06	
-9.270083e+04	-1.446334e+06	1.532573e+05	1.454431e+06	-6.048644e+00	1.361730e+06	-1.547131e+06	1.597319e+06	
-8.706316e+04	-1.309924e+06	1.257505e+05	1.315946e+06	-5.483498e+00	1.228883e+06	-1.403009e+06	1.464441e+06	
-8.100268e+04	-1.176368e+06	8.313587e+04	1.179302e+06	-4.042469e+00	1.098299e+06	-1.260304e+06	1.331633e+06	
-7.459040e+04	-1.046931e+06	3.048335e+04	1.047374e+06	-1.667803e+00	9.727840e+05	-1.121965e+06	1.200400e+06	
-6.791501e+04	-9.226941e+05	-2.735988e+04	9.230996e+05	1.698447e+00	8.551846e+05	-9.910146e+05	1.072219e+06	
-6.341375e+04	-7.789604e+05	-8.584747e+04	7.836767e+05	6.289061e+00	7.202629e+05	-8.470904e+05	8.888515e+05	
-5.666417e+04	-6.648758e+05	-1.410050e+05	6.796634e+05	1.197372e+01	6.229992e+05	-7.363275e+05	8.005005e+05	
-4.983196e+04	-5.591453e+05	-1.896984e+05	5.904481e+05	1.874028e+01	5.406162e+05	-6.402801e+05	7.111623e+05	
-4.303788e+04	-4.622433e+05	-2.289276e+05	5.158262e+05	2.634708e+01	4.727883e+05	-5.588641e+05	6.222942e+05	
