FQuads	FAdd	FRet	Faext	QuadsBMom	AddBMom	RetBMom	
0.000000e+00	-3.071318e+00	7.817072e-01	5.748482e-01	0.000000e+00	-4.810397e-03	3.716938e-04	
0.000000e+00	-3.214771e+00	6.722044e-01	4.896641e-01	0.000000e+00	-5.035077e-03	3.196263e-04	
0.000000e+00	-3.304948e+00	5.865714e-01	4.243190e-01	0.000000e+00	-5.176316e-03	2.789087e-04	
0.000000e+00	-3.362500e+00	5.162944e-01	3.713394e-01	0.000000e+00	-5.266454e-03	2.454927e-04	
0.000000e+00	-3.398654e+00	4.557665e-01	3.259192e-01	0.000000e+00	-5.323080e-03	2.167123e-04	
0.000000e+00	-3.420090e+00	4.012421e-01	2.848840e-01	0.000000e+00	-5.356654e-03	1.907865e-04	
0.000000e+00	-3.431385e+00	3.493715e-01	2.454257e-01	0.000000e+00	-5.374346e-03	1.661226e-04	
0.000000e+00	-3.435332e+00	2.977774e-01	2.055434e-01	0.000000e+00	-5.380526e-03	1.415901e-04	
0.000000e+00	-3.433303e+00	2.451838e-01	1.641363e-01	0.000000e+00	-5.377350e-03	1.165824e-04	
0.000000e+00	-3.424672e+00	1.921104e-01	1.216408e-01	0.000000e+00	-5.363831e-03	9.134655e-05	
0.000000e+00	-3.407148e+00	1.429783e-01	8.184390e-02	0.000000e+00	-5.336384e-03	6.798471e-05	
0.000000e+00	-3.380376e+00	1.023698e-01	4.865800e-02	0.000000e+00	-5.294453e-03	4.867580e-05	
0.000000e+00	-3.345190e+00	7.377896e-02	2.512689e-02	0.000000e+00	-5.239344e-03	3.508114e-05	
0.000000e+00	-3.302122e+00	5.880038e-02	1.277588e-02	0.000000e+00	-5.171889e-03	2.795898e-05	
0.000000e+00	-3.251684e+00	5.518910e-02	9.830713e-03	0.000000e+00	-5.092892e-03	2.624186e-05	
0.000000e+00	-3.193904e+00	5.966447e-02	1.365052e-02	0.000000e+00	-5.002395e-03	2.836985e-05	
0.000000e+00	-3.128152e+00	6.904081e-02	2.160204e-02	0.000000e+00	-4.899412e-03	3.282820e-05	
0.000000e+00	-3.053875e+00	8.108612e-02	3.174487e-02	0.000000e+00	-4.783077e-03	3.855562e-05	
0.000000e+00	-2.970700e+00	9.611678e-02	4.448432e-02	0.000000e+00	-4.652805e-03	4.570255e-05	
0.000000e+00	-2.877868e+00	1.147790e-01	6.067101e-02	0.000000e+00	-4.507409e-03	5.457627e-05	
0.000000e+00	-2.774358e+00	1.375121e-01	8.110357e-02	0.000000e+00	-4.345288e-03	6.538558e-05	
0.000000e+00	-2.659686e+00	1.637594e-01	1.057214e-01	0.000000e+00	-4.165686e-03	7.786592e-05	
0.000000e+00	-2.535589e+00	1.896710e-01	1.309470e-01	0.000000e+00	-3.971320e-03	9.018663e-05	
0.000000e+00	-2.405027e+00	2.115552e-01	1.527626e-01	0.000000e+00	-3.766830e-03	1.005924e-04	
0.000000e+00	-2.271884e+00	2.269513e-01	1.678543e-01	0.000000e+00	-3.558297e-03	1.079130e-04	
0.000000e+00	-2.139336e+00	2.350666e-01	1.744238e-01	0.000000e+00	-3.350696e-03	1.117718e-04	
0.000000e+00	-2.006893e+00	2.379335e-01	1.741698e-01	0.000000e+00	-3.143260e-03	1.131349e-04	
0.000000e+00	-1.873420e+00	2.377803e-01	1.693888e-01	0.000000e+00	-2.934210e-03	1.130621e-04	
0.000000e+00	-1.738446e+00	2.363374e-01	1.620090e-01	0.000000e+00	-2.722810e-03	1.123760e-04	
0.000000e+00	-1.602173e+00	2.347740e-01	1.534630e-01	0.000000e+00	-2.509374e-03	1.116327e-04	
0.000000e+00	-1.466007e+00	2.336121e-01	1.449135e-01	0.000000e+00	-2.296107e-03	1.110802e-04	
0.000000e+00	-1.331696e+00	2.328914e-01	1.372502e-01	0.000000e+00	-2.085745e-03	1.107375e-04	
0.000000e+00	-1.200443e+00	2.322000e-01	1.310134e-01	0.000000e+00	-1.880173e-03	1.104087e-04	
0.000000e+00	-1.072720e+00	2.310328e-01	1.262769e-01	0.000000e+00	-1.680128e-03	1.098537e-04	
0.000000e+00	-9.489598e-01	2.298793e-01	1.220926e-01	0.000000e+00	-1.486291e-03	1.093053e-04	
0.000000e+00	-8.302839e-01	2.298237e-01	1.171593e-01	0.000000e+00	-1.300417e-03	1.092788e-04	
0.000000e+00	-7.185139e-01	2.322965e-01	1.097796e-01	0.000000e+00	-1.125359e-03	1.104546e-04	
0.000000e+00	-6.167293e-01	2.388335e-01	9.809271e-02	0.000000e+00	-9.659412e-04	1.135629e-04	
0.000000e+00	-5.282312e-01	2.498718e-01	8.151174e-02	0.000000e+00	-8.273327e-04	1.188115e-04	
0.000000e+00	-4.540330e-01	2.652421e-01	6.060620e-02	0.000000e+00	-7.111210e-04	1.261199e-04	
0.000000e+00	-3.923574e-01	2.843612e-01	3.741695e-02	0.000000e+00	-6.145227e-04	1.352109e-04	
0.000000e+00	-3.396259e-01	3.062140e-01	1.493706e-02	0.000000e+00	-5.319329e-04	1.456016e-04	
0.000000e+00	-2.941061e-01	3.297227e-01	0.000000e+00	0.000000e+00	-4.606385e-04	1.567798e-04	
0.000000e+00	-2.563094e-01	3.539479e-01	0.000000e+00	0.000000e+00	-4.014400e-04	1.682986e-04	
0.000000e+00	-2.286251e-01	3.781946e-01	0.000000e+00	0.000000e+00	-3.580800e-04	1.798277e-04	
0.000000e+00	-2.135895e-01	4.017625e-01	0.000000e+00	0.000000e+00	-3.345308e-04	1.910340e-04	
0.000000e+00	-2.107886e-01	4.252393e-01	0.000000e+00	0.000000e+00	-3.301439e-04	2.021970e-04	
0.000000e+00	-2.146619e-01	4.430202e-01	0.000000e+00	0.000000e+00	-3.362104e-04	2.106516e-04	
0.000000e+00	-2.232767e-01	4.558028e-01	0.000000e+00	0.000000e+00	-3.497031e-04	2.167296e-04	
0.000000e+00	-2.332602e-01	4.628192e-01	0.000000e+00	0.000000e+00	-3.653395e-04	2.200658e-04	
0.000000e+00	-2.427691e-01	4.651421e-01	0.000000e+00	0.000000e+00	-3.802328e-04	2.211703e-04	
0.000000e+00	-2.506086e-01	4.643350e-01	0.000000e+00	0.000000e+00	-3.925112e-04	2.207866e-04	
0.000000e+00	-2.556194e-01	4.619054e-01	0.000000e+00	0.000000e+00	-4.003594e-04	2.196313e-04	
0.000000e+00	-2.570577e-01	4.592628e-01	0.000000e+00	0.000000e+00	-4.026119e-04	2.183748e-04	
0.000000e+00	-2.554817e-01	4.575175e-01	0.000000e+00	0.000000e+00	-4.001437e-04	2.175449e-04	
0.000000e+00	-2.520171e-01	4.576346e-01	0.000000e+00	0.000000e+00	-3.947173e-04	2.176006e-04	
0.000000e+00	-2.482667e-01	4.605470e-01	0.000000e+00	0.000000e+00	-3.888433e-04	2.189854e-04	
0.000000e+00	-2.463508e-01	4.669117e-01	0.000000e+00	0.000000e+00	-3.858426e-04	2.220118e-04	
0.000000e+00	-2.468502e-01	4.759191e-01	0.000000e+00	0.000000e+00	-3.866247e-04	2.262947e-04	
0.000000e+00	-2.486661e-01	4.860362e-01	0.000000e+00	0.000000e+00	-3.894688e-04	2.311053e-04	
0.000000e+00	-2.493143e-01	4.954489e-01	0.000000e+00	0.000000e+00	-3.904840e-04	2.355809e-04	
0.000000e+00	-2.456560e-01	5.025828e-01	0.000000e+00	0.000000e+00	-3.847542e-04	2.389730e-04	
0.000000e+00	-2.362958e-01	5.074922e-01	0.000000e+00	0.000000e+00	-3.700940e-04	2.413074e-04	
0.000000e+00	-2.209423e-01	5.108064e-01	0.000000e+00	0.000000e+00	-3.460470e-04	2.428832e-04	
0.000000e+00	-2.000375e-01	5.133180e-01	0.000000e+00	0.000000e+00	-3.133051e-04	2.440775e-04	
0.000000e+00	-1.743338e-01	5.156809e-01	0.000000e+00	0.000000e+00	-2.730472e-04	2.452010e-04	
0.000000e+00	-1.451420e-01	5.179393e-01	0.000000e+00	0.000000e+00	-2.273260e-04	2.462749e-04	
0.000000e+00	-1.141486e-01	5.200755e-01	0.000000e+00	0.000000e+00	-1.787832e-04	2.472906e-04	
0.000000e+00	-8.298723e-02	5.220627e-01	0.000000e+00	0.000000e+00	-1.299773e-04	2.482355e-04	
0.000000e+00	-5.245317e-02	5.236959e-01	0.000000e+00	0.000000e+00	-8.215384e-05	2.490121e-04	
0.000000e+00	-2.261899e-02	5.251977e-01	0.000000e+00	0.000000e+00	-3.542658e-05	2.497262e-04	
0.000000e+00	0.000000e+00	5.238516e-01	0.000000e+00	0.000000e+00	0.000000e+00	2.490861e-04	
0.000000e+00	0.000000e+00	5.197695e-01	0.000000e+00	0.000000e+00	0.000000e+00	2.471451e-04	
0.000000e+00	0.000000e+00	5.120513e-01	0.000000e+00	0.000000e+00	0.000000e+00	2.434752e-04	
0.000000e+00	0.000000e+00	4.998579e-01	0.000000e+00	0.000000e+00	0.000000e+00	2.376773e-04	
0.000000e+00	0.000000e+00	4.824921e-01	0.000000e+00	0.000000e+00	0.000000e+00	2.294201e-04	
0.000000e+00	0.000000e+00	4.595709e-01	0.000000e+00	0.000000e+00	0.000000e+00	2.185213e-04	
0.000000e+00	0.000000e+00	4.315490e-01	0.000000e+00	0.000000e+00	0.000000e+00	2.051971e-04	
0.000000e+00	0.000000e+00	4.005874e-01	0.000000e+00	0.000000e+00	0.000000e+00	1.904753e-04	
0.000000e+00	0.000000e+00	3.691840e-01	0.000000e+00	0.000000e+00	0.000000e+00	1.755432e-04	
0.000000e+00	0.000000e+00	3.396485e-01	0.000000e+00	0.000000e+00	0.000000e+00	1.614994e-04	
0.000000e+00	0.000000e+00	3.205406e-01	0.000000e+00	0.000000e+00	0.000000e+00	1.524138e-04	
0.000000e+00	0.000000e+00	2.981853e-01	0.000000e+00	0.000000e+00	0.000000e+00	1.417841e-04	
0.000000e+00	0.000000e+00	2.771366e-01	0.000000e+00	0.000000e+00	0.000000e+00	1.317756e-04	
0.000000e+00	0.000000e+00	2.567544e-01	0.000000e+00	0.000000e+00	0.000000e+00	1.220841e-04	
0.000000e+00	0.000000e+00	2.364852e-01	0.000000e+00	0.000000e+00	0.000000e+00	1.124463e-04	
0.000000e+00	0.000000e+00	2.162977e-01	0.000000e+00	0.000000e+00	0.000000e+00	1.028473e-04	
0.000000e+00	0.000000e+00	1.964646e-01	0.000000e+00	0.000000e+00	0.000000e+00	9.341690e-05	
0.000000e+00	0.000000e+00	1.772988e-01	0.000000e+00	0.000000e+00	0.000000e+00	8.430377e-05	
0.000000e+00	0.000000e+00	1.590937e-01	1.147835e-03	0.000000e+00	0.000000e+00	7.564745e-05	
0.000000e+00	0.000000e+00	1.421849e-01	3.495041e-03	0.000000e+00	0.000000e+00	6.760748e-05	
0.000000e+00	0.000000e+00	1.267106e-01	5.798805e-03	0.000000e+00	0.000000e+00	6.024960e-05	
0.000000e+00	0.000000e+00	1.125624e-01	7.860389e-03	0.000000e+00	0.000000e+00	5.352226e-05	
0.000000e+00	0.000000e+00	9.958558e-02	9.575135e-03	0.000000e+00	0.000000e+00	4.735193e-05	
0.000000e+00	0.000000e+00	1.041285e-01	5.696905e-02	0.000000e+00	0.000000e+00	4.951204e-05	
0.000000e+00	0.000000e+00	9.324710e-02	6.011838e-02	0.000000e+00	0.000000e+00	4.433805e-05	
0.000000e+00	0.000000e+00	8.215111e-02	6.134668e-02	0.000000e+00	0.000000e+00	3.906202e-05	
0.000000e+00	0.000000e+00	7.089008e-02	6.058385e-02	0.000000e+00	0.000000e+00	3.370751e-05	
0.000000e+00	0.000000e+00	5.960190e-02	5.780773e-02	0.000000e+00	0.000000e+00	2.834010e-05	
0.000000e+00	0.000000e+00	4.845653e-02	5.303737e-02	0.000000e+00	0.000000e+00	2.304058e-05	
0.000000e+00	0.000000e+00	3.779583e-02	4.655285e-02	0.000000e+00	0.000000e+00	1.797153e-05	
