FQuads	FAdd	FRet	Faext	QuadsBMom	AddBMom	RetBMom	
0.000000e+00	-4.651149e-01	0.000000e+00	0.000000e+00	0.000000e+00	-9.053331e-04	0.000000e+00	
0.000000e+00	-5.853389e-01	0.000000e+00	0.000000e+00	0.000000e+00	-1.139346e-03	0.000000e+00	
0.000000e+00	-7.018066e-01	0.000000e+00	0.000000e+00	0.000000e+00	-1.366047e-03	0.000000e+00	
0.000000e+00	-8.165355e-01	0.000000e+00	0.000000e+00	0.000000e+00	-1.589363e-03	0.000000e+00	
0.000000e+00	-9.295666e-01	0.000000e+00	0.000000e+00	0.000000e+00	-1.809375e-03	0.000000e+00	
0.000000e+00	-1.041264e+00	0.000000e+00	0.000000e+00	0.000000e+00	-2.026791e-03	0.000000e+00	
0.000000e+00	-1.152417e+00	0.000000e+00	0.000000e+00	0.000000e+00	-2.243147e-03	0.000000e+00	
0.000000e+00	-1.263352e+00	0.000000e+00	0.000000e+00	0.000000e+00	-2.459079e-03	0.000000e+00	
0.000000e+00	-1.373956e+00	0.000000e+00	0.000000e+00	0.000000e+00	-2.674367e-03	0.000000e+00	
0.000000e+00	-1.482053e+00	0.000000e+00	0.000000e+00	0.000000e+00	-2.884774e-03	0.000000e+00	
0.000000e+00	-1.583896e+00	0.000000e+00	0.000000e+00	0.000000e+00	-3.083010e-03	0.000000e+00	
0.000000e+00	-1.676683e+00	0.000000e+00	0.000000e+00	0.000000e+00	-3.263617e-03	0.000000e+00	
0.000000e+00	-1.759134e+00	0.000000e+00	3.179998e-05	0.000000e+00	-3.424104e-03	0.000000e+00	
0.000000e+00	-1.830256e+00	0.000000e+00	4.277048e-03	0.000000e+00	-3.562543e-03	0.000000e+00	
0.000000e+00	-1.890202e+00	2.883663e-03	1.562853e-02	0.000000e+00	-3.679225e-03	1.314763e-06	
0.000000e+00	-1.939516e+00	9.732991e-03	3.247927e-02	0.000000e+00	-3.775213e-03	4.437613e-06	
0.000000e+00	-1.978865e+00	1.595601e-02	4.574076e-02	0.000000e+00	-3.851806e-03	7.274907e-06	
0.000000e+00	-2.008979e+00	1.767426e-02	4.657632e-02	0.000000e+00	-3.910421e-03	8.058316e-06	
0.000000e+00	-2.030170e+00	1.236745e-02	3.114223e-02	0.000000e+00	-3.951669e-03	5.638758e-06	
0.000000e+00	-2.043318e+00	0.000000e+00	0.000000e+00	0.000000e+00	-3.977262e-03	0.000000e+00	
0.000000e+00	-2.045872e+00	0.000000e+00	0.000000e+00	0.000000e+00	-3.982232e-03	0.000000e+00	
0.000000e+00	-2.032767e+00	0.000000e+00	0.000000e+00	0.000000e+00	-3.956725e-03	0.000000e+00	
0.000000e+00	-2.000449e+00	0.000000e+00	0.000000e+00	0.000000e+00	-3.893819e-03	0.000000e+00	
0.000000e+00	-1.953999e+00	0.000000e+00	0.000000e+00	0.000000e+00	-3.803405e-03	0.000000e+00	
0.000000e+00	-1.899747e+00	0.000000e+00	0.000000e+00	0.000000e+00	-3.697804e-03	0.000000e+00	
0.000000e+00	-1.843771e+00	0.000000e+00	0.000000e+00	0.000000e+00	-3.588849e-03	0.000000e+00	
0.000000e+00	-1.792297e+00	0.000000e+00	0.000000e+00	0.000000e+00	-3.488656e-03	0.000000e+00	
0.000000e+00	-1.750738e+00	0.000000e+00	0.000000e+00	0.000000e+00	-3.407763e-03	0.000000e+00	
0.000000e+00	-1.714085e+00	0.000000e+00	0.000000e+00	0.000000e+00	-3.336418e-03	0.000000e+00	
0.000000e+00	-1.670969e+00	0.000000e+00	0.000000e+00	0.000000e+00	-3.252494e-03	0.000000e+00	
0.000000e+00	-1.613994e+00	0.000000e+00	0.000000e+00	0.000000e+00	-3.141595e-03	0.000000e+00	
0.000000e+00	-1.547068e+00	0.000000e+00	0.000000e+00	0.000000e+00	-3.011324e-03	0.000000e+00	
0.000000e+00	-1.476205e+00	0.000000e+00	0.000000e+00	0.000000e+00	-2.873392e-03	0.000000e+00	
0.000000e+00	-1.404019e+00	0.000000e+00	0.000000e+00	0.000000e+00	-2.732884e-03	0.000000e+00	
0.000000e+00	-1.331380e+00	0.000000e+00	0.000000e+00	0.000000e+00	-2.591495e-03	0.000000e+00	
0.000000e+00	-1.259119e+00	9.740147e-03	0.000000e+00	0.000000e+00	-2.450840e-03	4.440876e-06	
0.000000e+00	-1.188881e+00	2.361032e-02	0.000000e+00	0.000000e+00	-2.314123e-03	1.076477e-05	
0.000000e+00	-1.122471e+00	3.649188e-02	0.000000e+00	0.000000e+00	-2.184859e-03	1.663793e-05	
0.000000e+00	-1.062900e+00	5.061703e-02	0.000000e+00	0.000000e+00	-2.068905e-03	2.307809e-05	
0.000000e+00	-1.015555e+00	6.692571e-02	0.000000e+00	0.000000e+00	-1.976750e-03	3.051379e-05	
0.000000e+00	-9.838882e-01	8.634071e-02	0.000000e+00	0.000000e+00	-1.915111e-03	3.936577e-05	
0.000000e+00	-9.648858e-01	1.082608e-01	0.000000e+00	0.000000e+00	-1.878123e-03	4.935991e-05	
0.000000e+00	-9.512703e-01	1.302895e-01	0.000000e+00	0.000000e+00	-1.851621e-03	5.940359e-05	
0.000000e+00	-9.420962e-01	1.512754e-01	0.000000e+00	0.000000e+00	-1.833764e-03	6.897180e-05	
0.000000e+00	-9.289473e-01	1.682899e-01	0.000000e+00	0.000000e+00	-1.808170e-03	7.672930e-05	
0.000000e+00	-9.164836e-01	1.820489e-01	0.000000e+00	0.000000e+00	-1.783910e-03	8.300252e-05	
0.000000e+00	-9.055434e-01	1.931364e-01	0.000000e+00	0.000000e+00	-1.762615e-03	8.805767e-05	
0.000000e+00	-8.965163e-01	2.036073e-01	0.000000e+00	0.000000e+00	-1.745044e-03	9.283175e-05	
0.000000e+00	-8.887305e-01	2.150163e-01	0.000000e+00	0.000000e+00	-1.729889e-03	9.803351e-05	
0.000000e+00	-8.794744e-01	2.253312e-01	0.000000e+00	0.000000e+00	-1.711872e-03	1.027364e-04	
0.000000e+00	-8.658386e-01	2.307548e-01	0.000000e+00	0.000000e+00	-1.685331e-03	1.052093e-04	
0.000000e+00	-8.463345e-01	2.291984e-01	0.000000e+00	0.000000e+00	-1.647366e-03	1.044996e-04	
0.000000e+00	-8.242505e-01	2.233595e-01	0.000000e+00	0.000000e+00	-1.604380e-03	1.018375e-04	
0.000000e+00	-8.033135e-01	2.168603e-01	0.000000e+00	0.000000e+00	-1.563627e-03	9.887423e-05	
0.000000e+00	-7.861392e-01	2.122433e-01	0.000000e+00	0.000000e+00	-1.530198e-03	9.676921e-05	
0.000000e+00	-7.729993e-01	2.100740e-01	0.000000e+00	0.000000e+00	-1.504622e-03	9.578014e-05	
0.000000e+00	-7.639843e-01	2.106854e-01	0.000000e+00	0.000000e+00	-1.487074e-03	9.605888e-05	
0.000000e+00	-7.572094e-01	2.135646e-01	0.000000e+00	0.000000e+00	-1.473887e-03	9.737161e-05	
0.000000e+00	-7.499621e-01	2.179514e-01	0.000000e+00	0.000000e+00	-1.459780e-03	9.937170e-05	
0.000000e+00	-7.412902e-01	2.233095e-01	0.000000e+00	0.000000e+00	-1.442901e-03	1.018147e-04	
0.000000e+00	-7.356247e-01	2.297171e-01	0.000000e+00	0.000000e+00	-1.431873e-03	1.047361e-04	
0.000000e+00	-7.381326e-01	2.371807e-01	0.000000e+00	0.000000e+00	-1.436754e-03	1.081390e-04	
0.000000e+00	-7.473563e-01	2.447837e-01	0.000000e+00	0.000000e+00	-1.454708e-03	1.116055e-04	
0.000000e+00	-7.552632e-01	2.510543e-01	0.000000e+00	0.000000e+00	-1.470099e-03	1.144645e-04	
0.000000e+00	-7.539191e-01	2.546329e-01	0.000000e+00	0.000000e+00	-1.467482e-03	1.160961e-04	
0.000000e+00	-7.426127e-01	2.563384e-01	0.000000e+00	0.000000e+00	-1.445475e-03	1.168737e-04	
0.000000e+00	-7.257183e-01	2.588495e-01	0.000000e+00	0.000000e+00	-1.412590e-03	1.180186e-04	
0.000000e+00	-6.995428e-01	2.606626e-01	0.000000e+00	0.000000e+00	-1.361641e-03	1.188453e-04	
0.000000e+00	-6.690814e-01	2.606531e-01	0.000000e+00	0.000000e+00	-1.302348e-03	1.188409e-04	
0.000000e+00	-6.366968e-01	2.572128e-01	0.000000e+00	0.000000e+00	-1.239313e-03	1.172724e-04	
0.000000e+00	-6.031572e-01	2.510499e-01	0.000000e+00	0.000000e+00	-1.174029e-03	1.144625e-04	
0.000000e+00	-5.671481e-01	2.440362e-01	0.000000e+00	0.000000e+00	-1.103938e-03	1.112647e-04	
0.000000e+00	-5.279928e-01	2.371190e-01	0.000000e+00	0.000000e+00	-1.027723e-03	1.081109e-04	
0.000000e+00	-4.878637e-01	2.285944e-01	0.000000e+00	0.000000e+00	-9.496131e-04	1.042243e-04	
0.000000e+00	-4.499172e-01	2.168845e-01	0.000000e+00	0.000000e+00	-8.757512e-04	9.888526e-05	
0.000000e+00	-4.150017e-01	2.017769e-01	0.000000e+00	0.000000e+00	-8.077892e-04	9.199720e-05	
0.000000e+00	-3.822492e-01	1.846819e-01	0.000000e+00	0.000000e+00	-7.440374e-04	8.420300e-05	
0.000000e+00	-3.504349e-01	1.668287e-01	0.000000e+00	0.000000e+00	-6.821118e-04	7.606309e-05	
0.000000e+00	-3.190149e-01	1.495690e-01	0.000000e+00	0.000000e+00	-6.209537e-04	6.819378e-05	
0.000000e+00	-2.880649e-01	1.341382e-01	0.000000e+00	0.000000e+00	-5.607104e-04	6.115833e-05	
0.000000e+00	-2.579627e-01	1.211366e-01	0.000000e+00	0.000000e+00	-5.021172e-04	5.523046e-05	
0.000000e+00	-2.308798e-01	1.098498e-01	0.000000e+00	0.000000e+00	-4.494011e-04	5.008441e-05	
0.000000e+00	-2.082290e-01	9.945211e-02	0.000000e+00	0.000000e+00	-4.053119e-04	4.534372e-05	
0.000000e+00	-1.896347e-01	8.919701e-02	0.000000e+00	0.000000e+00	-3.691186e-04	4.066806e-05	
0.000000e+00	-1.731834e-01	7.806917e-02	0.000000e+00	0.000000e+00	-3.370967e-04	3.559448e-05	
0.000000e+00	-1.811631e-01	7.443844e-02	0.000000e+00	0.000000e+00	-3.526289e-04	3.393910e-05	
0.000000e+00	-1.678538e-01	6.227481e-02	0.000000e+00	0.000000e+00	-3.267228e-04	2.839328e-05	
0.000000e+00	-1.582181e-01	5.015735e-02	0.000000e+00	0.000000e+00	-3.079671e-04	2.286850e-05	
0.000000e+00	-1.507869e-01	3.797439e-02	0.000000e+00	0.000000e+00	-2.935025e-04	1.731386e-05	
0.000000e+00	-1.440164e-01	2.549596e-02	0.000000e+00	0.000000e+00	-2.803239e-04	1.162451e-05	
0.000000e+00	-1.376623e-01	1.251918e-02	0.000000e+00	0.000000e+00	-2.679558e-04	5.707936e-06	
0.000000e+00	-1.318423e-01	0.000000e+00	0.000000e+00	0.000000e+00	-2.566273e-04	0.000000e+00	
0.000000e+00	-1.267111e-01	0.000000e+00	0.000000e+00	0.000000e+00	-2.466397e-04	0.000000e+00	
0.000000e+00	-1.222656e-01	0.000000e+00	0.000000e+00	0.000000e+00	-2.379865e-04	0.000000e+00	
0.000000e+00	-1.187006e-01	0.000000e+00	0.000000e+00	0.000000e+00	-2.310474e-04	0.000000e+00	
0.000000e+00	-1.155748e-01	0.000000e+00	0.000000e+00	0.000000e+00	-2.249632e-04	0.000000e+00	
0.000000e+00	-1.434145e-01	0.000000e+00	0.000000e+00	0.000000e+00	-2.791523e-04	0.000000e+00	
0.000000e+00	-1.388286e-01	0.000000e+00	0.000000e+00	0.000000e+00	-2.702260e-04	0.000000e+00	
0.000000e+00	-1.351818e-01	0.000000e+00	0.000000e+00	0.000000e+00	-2.631275e-04	0.000000e+00	
0.000000e+00	-1.330916e-01	0.000000e+00	0.000000e+00	0.000000e+00	-2.590591e-04	0.000000e+00	
0.000000e+00	-1.332405e-01	0.000000e+00	0.000000e+00	0.000000e+00	-2.593489e-04	0.000000e+00	
