StressAxial	StressAP	StressDV	NetBendFemMag	NetBendFemAng	PeakTensStress	PeakCompStress	FemShear	
-2.616659e+05	-6.102995e+05	1.338341e+06	1.470926e+06	-6.548647e+01	1.209260e+06	-1.732591e+06	4.749606e+05	
-4.226588e+05	-6.771190e+05	2.444817e+06	2.536852e+06	-7.451937e+01	2.114193e+06	-2.959511e+06	5.934963e+05	
-6.051100e+05	-7.268420e+05	3.746003e+06	3.815867e+06	-7.901930e+01	3.210757e+06	-4.420977e+06	7.050125e+05	
-8.138789e+05	-7.651785e+05	5.275973e+06	5.331172e+06	-8.174791e+01	4.517293e+06	-6.145051e+06	8.123019e+05	
-1.052685e+06	-7.982885e+05	7.045693e+06	7.090773e+06	-8.353589e+01	6.038088e+06	-8.143457e+06	9.176729e+05	
-1.319690e+06	-8.283090e+05	9.011782e+06	9.049768e+06	-8.474850e+01	7.730079e+06	-1.036946e+07	1.016580e+06	
-1.609813e+06	-8.442388e+05	1.110645e+07	1.113849e+07	-8.565314e+01	9.528677e+06	-1.274830e+07	1.084047e+06	
-1.917961e+06	-8.023637e+05	1.329895e+07	1.332313e+07	-8.654740e+01	1.140517e+07	-1.524109e+07	1.042694e+06	
-2.229812e+06	-6.454697e+05	1.551726e+07	1.553068e+07	-8.761808e+01	1.330087e+07	-1.776049e+07	7.805114e+05	
-2.514711e+06	-3.825746e+05	1.751703e+07	1.752121e+07	-8.874888e+01	1.500650e+07	-2.003592e+07	2.749339e+05	
-2.750139e+06	-7.628108e+04	1.907117e+07	1.907133e+07	-8.977086e+01	1.632119e+07	-2.182146e+07	-4.040425e+05	
-2.942567e+06	3.718536e+05	2.008144e+07	2.008489e+07	8.893919e+01	1.714232e+07	-2.302745e+07	-1.165766e+06	
-3.086251e+06	7.499468e+05	2.058995e+07	2.060360e+07	8.791407e+01	1.751735e+07	-2.368985e+07	-1.877840e+06	
-3.191706e+06	9.394397e+05	2.073399e+07	2.075526e+07	8.740578e+01	1.756355e+07	-2.394697e+07	-2.399410e+06	
-3.272454e+06	9.697988e+05	2.067415e+07	2.069688e+07	8.731433e+01	1.742443e+07	-2.396933e+07	-2.752005e+06	
-3.337023e+06	9.119329e+05	2.052314e+07	2.054339e+07	8.745580e+01	1.720637e+07	-2.388041e+07	-3.038237e+06	
-3.390816e+06	8.193478e+05	2.033654e+07	2.035304e+07	8.769286e+01	1.696222e+07	-2.374385e+07	-3.321781e+06	
-3.432369e+06	7.394791e+05	2.009723e+07	2.011083e+07	8.789278e+01	1.667846e+07	-2.354320e+07	-3.629285e+06	
-3.456045e+06	7.182245e+05	1.974824e+07	1.976130e+07	8.791716e+01	1.630526e+07	-2.321735e+07	-3.996284e+06	
-3.449277e+06	7.707296e+05	1.915621e+07	1.917171e+07	8.769604e+01	1.572244e+07	-2.262099e+07	-4.425780e+06	
-3.396024e+06	9.017717e+05	1.814964e+07	1.817203e+07	8.715561e+01	1.477600e+07	-2.156805e+07	-4.912323e+06	
-3.291137e+06	1.081889e+06	1.668645e+07	1.672148e+07	8.629037e+01	1.343035e+07	-2.001262e+07	-5.420490e+06	
-3.149773e+06	1.233248e+06	1.492894e+07	1.497980e+07	8.527767e+01	1.183002e+07	-1.812957e+07	-5.874670e+06	
-2.994540e+06	1.291984e+06	1.309794e+07	1.316151e+07	8.436659e+01	1.016697e+07	-1.615605e+07	-6.211273e+06	
-2.844946e+06	1.266239e+06	1.138465e+07	1.145485e+07	8.365348e+01	8.609904e+06	-1.429980e+07	-6.416111e+06	
-2.713780e+06	1.192705e+06	9.923297e+06	9.994717e+06	8.314639e+01	7.280937e+06	-1.270850e+07	-6.500851e+06	
-2.594697e+06	1.118061e+06	8.630594e+06	8.702713e+06	8.261869e+01	6.108016e+06	-1.129741e+07	-6.551230e+06	
-2.469651e+06	1.075552e+06	7.293770e+06	7.372645e+06	8.161154e+01	4.902994e+06	-9.842296e+06	-6.676084e+06	
-2.332811e+06	1.048550e+06	5.859450e+06	5.952530e+06	7.985432e+01	3.619719e+06	-8.285341e+06	-6.871922e+06	
-2.195778e+06	9.685520e+05	4.495366e+06	4.598522e+06	7.784120e+01	2.402744e+06	-6.794300e+06	-6.974393e+06	
-2.068862e+06	7.906037e+05	3.312595e+06	3.405634e+06	7.657659e+01	1.336772e+06	-5.474495e+06	-6.874791e+06	
-1.955261e+06	5.519482e+05	2.331494e+06	2.395937e+06	7.668126e+01	4.406751e+05	-4.351198e+06	-6.633411e+06	
-1.855607e+06	3.214283e+05	1.533138e+06	1.566470e+06	7.815925e+01	-2.891365e+05	-3.422077e+06	-6.369563e+06	
-1.769419e+06	1.338778e+05	8.808542e+05	8.909699e+05	8.135799e+01	-8.784488e+05	-2.660389e+06	-6.146300e+06	
-1.700699e+06	-2.646671e+04	3.928878e+05	3.937783e+05	-8.614615e+01	-1.306921e+06	-2.094478e+06	-5.955680e+06	
-1.652936e+06	-1.798101e+05	9.592572e+04	2.037975e+05	-2.807919e+01	-1.449138e+06	-1.856733e+06	-5.780210e+06	
-1.624132e+06	-3.341066e+05	-3.502180e+04	3.359371e+05	5.984021e+00	-1.288195e+06	-1.960069e+06	-5.605332e+06	
-1.609034e+06	-4.905180e+05	-5.428464e+04	4.935127e+05	6.315113e+00	-1.115521e+06	-2.102546e+06	-5.419730e+06	
-1.603002e+06	-6.413630e+05	-1.918426e+04	6.416498e+05	1.713304e+00	-9.613524e+05	-2.244652e+06	-5.236884e+06	
-1.600202e+06	-7.663766e+05	7.012130e+03	7.664087e+05	-5.242258e-01	-8.337933e+05	-2.366611e+06	-5.091032e+06	
-1.596988e+06	-8.459425e+05	-1.498367e+04	8.460752e+05	1.014740e+00	-7.509132e+05	-2.443064e+06	-5.010819e+06	
-1.595210e+06	-8.789646e+05	-5.825821e+04	8.808931e+05	3.792048e+00	-7.143172e+05	-2.476103e+06	-4.996823e+06	
-1.598371e+06	-8.745213e+05	-8.504572e+04	8.786469e+05	5.554454e+00	-7.197241e+05	-2.477018e+06	-5.041674e+06	
-1.606197e+06	-8.414391e+05	-9.939810e+04	8.472896e+05	6.737057e+00	-7.589079e+05	-2.453487e+06	-5.138638e+06	
-1.616290e+06	-7.899346e+05	-1.352005e+05	8.014212e+05	9.712300e+00	-8.148688e+05	-2.417711e+06	-5.281754e+06	
-1.626566e+06	-7.313583e+05	-2.203806e+05	7.638407e+05	1.676916e+01	-8.627258e+05	-2.390407e+06	-5.459961e+06	
-1.637119e+06	-6.802517e+05	-3.581190e+05	7.687598e+05	2.776460e+01	-8.683597e+05	-2.405879e+06	-5.650290e+06	
-1.648546e+06	-6.537108e+05	-5.409213e+05	8.484891e+05	3.960650e+01	-8.000565e+05	-2.497035e+06	-5.822802e+06	
-1.667120e+06	-6.831562e+05	-6.929232e+05	9.730596e+05	4.540668e+01	-6.940606e+05	-2.640180e+06	-5.927175e+06	
-1.700433e+06	-8.043491e+05	-7.060032e+05	1.070242e+06	4.127448e+01	-6.301913e+05	-2.770675e+06	-5.901050e+06	
-1.744064e+06	-1.020394e+06	-6.023811e+05	1.184933e+06	3.055514e+01	-5.591310e+05	-2.928997e+06	-5.726222e+06	
-1.772021e+06	-1.272035e+06	-6.556047e+05	1.431045e+06	2.726651e+01	-3.409753e+05	-3.203066e+06	-5.481670e+06	
-1.762157e+06	-1.503111e+06	-1.102178e+06	1.863905e+06	3.625128e+01	1.017472e+05	-3.626062e+06	-5.254862e+06	
-1.719507e+06	-1.709403e+06	-1.849645e+06	2.518580e+06	4.725655e+01	7.990737e+05	-4.238087e+06	-5.057196e+06	
-1.662462e+06	-1.911262e+06	-2.645790e+06	3.263913e+06	5.415648e+01	1.601451e+06	-4.926374e+06	-4.861986e+06	
-1.611524e+06	-2.127632e+06	-3.219316e+06	3.858862e+06	5.653947e+01	2.247338e+06	-5.470386e+06	-4.634137e+06	
-1.562223e+06	-2.366565e+06	-3.640065e+06	4.341740e+06	5.697037e+01	2.779517e+06	-5.903963e+06	-4.324489e+06	
-1.521979e+06	-2.639029e+06	-3.820596e+06	4.643428e+06	5.536573e+01	3.121449e+06	-6.165407e+06	-3.915305e+06	
-1.475041e+06	-2.916726e+06	-3.919749e+06	4.885869e+06	5.334670e+01	3.410828e+06	-6.360911e+06	-3.455389e+06	
-1.404053e+06	-3.156743e+06	-4.123895e+06	5.193413e+06	5.256683e+01	3.789359e+06	-6.597466e+06	-3.013028e+06	
-1.305281e+06	-3.343557e+06	-4.476464e+06	5.587316e+06	5.324325e+01	4.282035e+06	-6.892597e+06	-2.605194e+06	
-1.186546e+06	-3.483615e+06	-4.900832e+06	6.012797e+06	5.459400e+01	4.826252e+06	-7.199343e+06	-2.202943e+06	
-1.057232e+06	-3.584954e+06	-5.317009e+06	6.412681e+06	5.601049e+01	5.355449e+06	-7.469913e+06	-1.783913e+06	
-9.303429e+05	-3.654152e+06	-5.615723e+06	6.699938e+06	5.694796e+01	5.769595e+06	-7.630281e+06	-1.351048e+06	
-8.168710e+05	-3.698133e+06	-5.711781e+06	6.804456e+06	5.707869e+01	5.987585e+06	-7.621327e+06	-9.115607e+05	
-7.194027e+05	-3.718489e+06	-5.616638e+06	6.736007e+06	5.649351e+01	6.016604e+06	-7.455409e+06	-4.830303e+05	
-6.367956e+05	-3.715578e+06	-5.370419e+06	6.530461e+06	5.532222e+01	5.893665e+06	-7.167256e+06	-8.469376e+04	
-5.690215e+05	-3.682547e+06	-4.996049e+06	6.206582e+06	5.360640e+01	5.637560e+06	-6.775603e+06	2.579336e+05	
-5.159026e+05	-3.601154e+06	-4.530956e+06	5.787735e+06	5.152273e+01	5.271832e+06	-6.303637e+06	4.983376e+05	
-4.642568e+05	-3.471070e+06	-4.152388e+06	5.412084e+06	5.010704e+01	4.947827e+06	-5.876341e+06	6.277667e+05	
-4.132545e+05	-3.309271e+06	-3.858445e+06	5.083195e+06	4.938132e+01	4.669941e+06	-5.496450e+06	6.707041e+05	
-3.613446e+05	-3.136361e+06	-3.641895e+06	4.806263e+06	4.926534e+01	4.444918e+06	-5.167608e+06	6.736304e+05	
-3.103747e+05	-2.957122e+06	-3.468291e+06	4.557808e+06	4.954856e+01	4.247433e+06	-4.868183e+06	6.569283e+05	
-2.654343e+05	-2.761968e+06	-3.281704e+06	4.289295e+06	4.991518e+01	4.023860e+06	-4.554729e+06	6.125274e+05	
-2.294906e+05	-2.547291e+06	-3.053378e+06	3.976406e+06	5.016335e+01	3.746916e+06	-4.205897e+06	5.366918e+05	
-2.018002e+05	-2.321499e+06	-2.807901e+06	3.643305e+06	5.041697e+01	3.441504e+06	-3.845105e+06	4.353949e+05	
-1.809329e+05	-2.096688e+06	-2.575940e+06	3.321380e+06	5.085613e+01	3.140447e+06	-3.502313e+06	3.179328e+05	
-1.658595e+05	-1.885819e+06	-2.372994e+06	3.031075e+06	5.152583e+01	2.865215e+06	-3.196934e+06	1.946505e+05	
-1.551717e+05	-1.700644e+06	-2.209149e+06	2.787925e+06	5.241028e+01	2.632753e+06	-2.943097e+06	7.449549e+04	
-1.473150e+05	-1.548881e+06	-2.093580e+06	2.604248e+06	5.350508e+01	2.456933e+06	-2.751563e+06	-3.665932e+04	
-1.410073e+05	-1.426012e+06	-2.025216e+06	2.476895e+06	5.484956e+01	2.335887e+06	-2.617902e+06	-1.359877e+05	
-1.360617e+05	-1.327033e+06	-1.996565e+06	2.397350e+06	5.638971e+01	2.261288e+06	-2.533412e+06	-2.199875e+05	
-1.328069e+05	-1.251242e+06	-1.989003e+06	2.349838e+06	5.782685e+01	2.217031e+06	-2.482645e+06	-2.815641e+05	
-1.326039e+05	-1.201242e+06	-1.973349e+06	2.310214e+06	5.866977e+01	2.177610e+06	-2.442818e+06	-3.141128e+05	
-1.358248e+05	-1.176210e+06	-1.931908e+06	2.261800e+06	5.866556e+01	2.125975e+06	-2.397624e+06	-3.134057e+05	
-1.411704e+05	-1.172195e+06	-1.873245e+06	2.209771e+06	5.796348e+01	2.068600e+06	-2.350941e+06	-2.803070e+05	
-1.539531e+05	-1.174346e+06	-1.728409e+06	2.089614e+06	5.580637e+01	1.935661e+06	-2.243567e+06	-2.303582e+05	
-1.542644e+05	-1.181133e+06	-1.711088e+06	2.079158e+06	5.538340e+01	1.924894e+06	-2.233422e+06	-1.408078e+05	
-1.505576e+05	-1.184562e+06	-1.708150e+06	2.078693e+06	5.525962e+01	1.928135e+06	-2.229251e+06	-6.149725e+04	
-1.440311e+05	-1.180679e+06	-1.696739e+06	2.067106e+06	5.516783e+01	1.923074e+06	-2.211137e+06	-7.761812e+03	
-1.359380e+05	-1.153106e+06	-1.671001e+06	2.030245e+06	5.539167e+01	1.894307e+06	-2.166183e+06	1.946412e+04	
-1.274692e+05	-1.088882e+06	-1.635420e+06	1.964755e+06	5.634387e+01	1.837285e+06	-2.092224e+06	2.113624e+04	
-1.195278e+05	-9.897345e+05	-1.580936e+06	1.865190e+06	5.795166e+01	1.745662e+06	-1.984717e+06	-6.095795e+03	
-1.132231e+05	-8.698440e+05	-1.491709e+06	1.726796e+06	5.975274e+01	1.613573e+06	-1.840019e+06	-6.048978e+04	
-1.083108e+05	-7.380584e+05	-1.373628e+06	1.559354e+06	6.175063e+01	1.451043e+06	-1.667665e+06	-1.396250e+05	
-1.065700e+05	-5.711129e+05	-1.257688e+06	1.381285e+06	6.557734e+01	1.274715e+06	-1.487855e+06	-2.445234e+05	
-1.047807e+05	-3.909808e+05	-1.172995e+06	1.236440e+06	7.156585e+01	1.131659e+06	-1.341220e+06	-3.782350e+05	
-1.028515e+05	-2.074695e+05	-1.117159e+06	1.136261e+06	7.947939e+01	1.033409e+06	-1.239112e+06	-5.385016e+05	
-1.023446e+05	-2.878962e+04	-1.069547e+06	1.069935e+06	8.845814e+01	9.675902e+05	-1.172279e+06	-7.232034e+05	
-1.496661e+05	1.342497e+05	-4.951919e+05	5.130672e+05	-7.483139e+01	3.634012e+05	-6.627333e+05	-8.680832e+05	
-1.549670e+05	2.709747e+05	-4.493507e+05	5.247316e+05	-5.890852e+01	3.697646e+05	-6.796987e+05	-1.086242e+06	
