StressDVtot	StressDVm	StressDVexternal	StressDVFax	StressAPtot	StressAPm	StressAPexternal	StressAPFax	
2.993498e+07	4.772764e+07	-1.793625e+07	1.435911e+05	-4.876170e+05	1.019405e+05	-5.698531e+05	-1.970440e+04	
2.972827e+07	4.774887e+07	-1.816690e+07	1.463074e+05	1.451124e+05	0.000000e+00	1.651896e+05	-2.007715e+04	
2.911104e+07	4.745651e+07	-1.848990e+07	1.444265e+05	8.193671e+05	0.000000e+00	8.391862e+05	-1.981904e+04	
2.836468e+07	4.713489e+07	-1.890874e+07	1.385338e+05	1.219766e+06	0.000000e+00	1.238776e+06	-1.901041e+04	
2.765468e+07	4.688736e+07	-1.936247e+07	1.297840e+05	1.409922e+06	0.000000e+00	1.427731e+06	-1.780971e+04	
2.702851e+07	4.663570e+07	-1.972750e+07	1.203135e+05	1.493494e+06	0.000000e+00	1.510004e+06	-1.651011e+04	
2.650698e+07	4.631418e+07	-1.991983e+07	1.126402e+05	1.527116e+06	0.000000e+00	1.542573e+06	-1.545714e+04	
2.608658e+07	4.590167e+07	-1.992375e+07	1.086606e+05	1.530775e+06	0.000000e+00	1.545686e+06	-1.491104e+04	
2.572167e+07	4.545999e+07	-1.984557e+07	1.072418e+05	1.526632e+06	0.000000e+00	1.541348e+06	-1.471635e+04	
2.535172e+07	4.504809e+07	-1.980278e+07	1.064133e+05	1.543319e+06	0.000000e+00	1.557922e+06	-1.460265e+04	
2.491012e+07	4.468495e+07	-1.987943e+07	1.046040e+05	1.611659e+06	0.000000e+00	1.626013e+06	-1.435438e+04	
2.436480e+07	4.433855e+07	-2.007587e+07	1.021084e+05	1.746704e+06	0.000000e+00	1.760716e+06	-1.401191e+04	
2.367767e+07	4.393505e+07	-2.035703e+07	9.965182e+04	1.955647e+06	0.000000e+00	1.969321e+06	-1.367480e+04	
2.280940e+07	4.339801e+07	-2.068635e+07	9.773945e+04	2.234399e+06	0.000000e+00	2.247812e+06	-1.341238e+04	
2.181104e+07	4.275887e+07	-2.104440e+07	9.656906e+04	2.535598e+06	0.000000e+00	2.548850e+06	-1.325177e+04	
2.077566e+07	4.209529e+07	-2.141594e+07	9.631062e+04	2.812366e+06	0.000000e+00	2.825582e+06	-1.321630e+04	
1.979469e+07	4.148406e+07	-2.178652e+07	9.715394e+04	3.035830e+06	0.000000e+00	3.049162e+06	-1.333203e+04	
1.886540e+07	4.091559e+07	-2.214892e+07	9.873650e+04	3.202597e+06	0.000000e+00	3.216147e+06	-1.354920e+04	
1.797055e+07	4.038115e+07	-2.251107e+07	1.004648e+05	3.308050e+06	0.000000e+00	3.321837e+06	-1.378637e+04	
1.711784e+07	3.990332e+07	-2.288731e+07	1.018318e+05	3.341745e+06	0.000000e+00	3.355719e+06	-1.397396e+04	
1.634756e+07	3.951675e+07	-2.327194e+07	1.027485e+05	3.307616e+06	0.000000e+00	3.321716e+06	-1.409974e+04	
1.569323e+07	3.923816e+07	-2.364827e+07	1.033421e+05	3.222718e+06	0.000000e+00	3.236899e+06	-1.418121e+04	
1.515437e+07	3.904486e+07	-2.399429e+07	1.037984e+05	3.108493e+06	0.000000e+00	3.122737e+06	-1.424382e+04	
1.470782e+07	3.890483e+07	-2.430113e+07	1.041175e+05	2.978199e+06	0.000000e+00	2.992486e+06	-1.428761e+04	
1.432971e+07	3.879226e+07	-2.456672e+07	1.041741e+05	2.838089e+06	0.000000e+00	2.852384e+06	-1.429537e+04	
1.399608e+07	3.868366e+07	-2.479141e+07	1.038253e+05	2.692710e+06	0.000000e+00	2.706958e+06	-1.424751e+04	
1.363734e+07	3.851107e+07	-2.497673e+07	1.029941e+05	2.553144e+06	0.000000e+00	2.567277e+06	-1.413344e+04	
1.315552e+07	3.817333e+07	-2.511948e+07	1.016749e+05	2.435220e+06	0.000000e+00	2.449172e+06	-1.395243e+04	
1.247141e+07	3.759364e+07	-2.522211e+07	9.988891e+04	2.350577e+06	0.000000e+00	2.364285e+06	-1.370734e+04	
1.159144e+07	3.678080e+07	-2.528729e+07	9.793598e+04	2.286200e+06	0.000000e+00	2.299639e+06	-1.343934e+04	
1.056183e+07	3.577908e+07	-2.531352e+07	9.627239e+04	2.216448e+06	0.000000e+00	2.229660e+06	-1.321106e+04	
9.425517e+06	3.463271e+07	-2.530247e+07	9.527511e+04	2.118870e+06	0.000000e+00	2.131944e+06	-1.307421e+04	
8.157248e+06	3.332534e+07	-2.526289e+07	9.479865e+04	1.991675e+06	0.000000e+00	2.004684e+06	-1.300882e+04	
6.702741e+06	3.182381e+07	-2.521539e+07	9.432157e+04	1.840279e+06	0.000000e+00	1.853222e+06	-1.294335e+04	
5.029425e+06	3.011633e+07	-2.518020e+07	9.329044e+04	1.664890e+06	0.000000e+00	1.677692e+06	-1.280186e+04	
3.253903e+06	2.831573e+07	-2.515377e+07	9.194487e+04	1.452230e+06	0.000000e+00	1.464848e+06	-1.261721e+04	
1.585875e+06	2.660921e+07	-2.511444e+07	9.110358e+04	1.187491e+06	0.000000e+00	1.199993e+06	-1.250176e+04	
2.108127e+05	2.514833e+07	-2.502910e+07	9.158793e+04	8.680930e+05	0.000000e+00	8.806613e+05	-1.256823e+04	
-8.340609e+05	2.396399e+07	-2.489110e+07	9.304764e+04	5.112614e+05	0.000000e+00	5.240299e+05	-1.276854e+04	
-1.606511e+06	2.301726e+07	-2.471805e+07	9.427982e+04	1.428854e+05	0.000000e+00	1.558230e+05	-1.293762e+04	
-2.157587e+06	2.227980e+07	-2.453157e+07	9.418205e+04	-2.161056e+05	0.000000e+00	-2.031814e+05	-1.292421e+04	
-2.481185e+06	2.175664e+07	-2.433056e+07	9.273822e+04	-5.763372e+05	0.000000e+00	-5.636111e+05	-1.272608e+04	
-2.556588e+06	2.143625e+07	-2.408362e+07	9.078982e+04	-9.667060e+05	0.000000e+00	-9.542473e+05	-1.245871e+04	
-2.390967e+06	2.127962e+07	-2.375976e+07	8.917134e+04	-1.412428e+06	0.000000e+00	-1.400191e+06	-1.223661e+04	
-2.051434e+06	2.121695e+07	-2.335626e+07	8.787410e+04	-1.904322e+06	0.000000e+00	-1.892264e+06	-1.205860e+04	
-1.637744e+06	2.117242e+07	-2.289643e+07	8.626621e+04	-2.324453e+06	8.270783e+04	-2.395322e+06	-1.183795e+04	
-1.232856e+06	2.109896e+07	-2.241558e+07	8.376583e+04	-2.696207e+06	1.909188e+05	-2.875631e+06	-1.149484e+04	
-8.831128e+05	2.097757e+07	-2.194100e+07	8.031874e+04	-3.021243e+06	2.911825e+05	-3.301403e+06	-1.102181e+04	
-6.076341e+05	2.080966e+07	-2.149356e+07	7.627136e+04	-3.282818e+06	3.764436e+05	-3.648795e+06	-1.046640e+04	
-4.256300e+05	2.059509e+07	-2.109268e+07	7.196791e+04	-3.471502e+06	4.416675e+05	-3.903294e+06	-9.875855e+03	
-3.454888e+05	2.031877e+07	-2.073226e+07	6.799665e+04	-3.599347e+06	4.872196e+05	-4.077236e+06	-9.330896e+03	
-2.595608e+05	2.004474e+07	-2.036940e+07	6.509167e+04	-3.711227e+06	5.249650e+05	-4.227260e+06	-8.932258e+03	
-3.487943e+05	1.959654e+07	-2.000919e+07	6.386244e+04	-3.793883e+06	5.457794e+05	-4.330899e+06	-8.763575e+03	
-5.044060e+05	1.905691e+07	-1.962530e+07	6.398513e+04	-3.880299e+06	5.615350e+05	-4.433054e+06	-8.780412e+03	
-7.217216e+05	1.844661e+07	-1.923263e+07	6.430086e+04	-3.972185e+06	5.755870e+05	-4.538948e+06	-8.823738e+03	
-9.899295e+05	1.778975e+07	-1.884341e+07	6.373017e+04	-4.068626e+06	5.903077e+05	-4.650188e+06	-8.745425e+03	
-1.283474e+06	1.710894e+07	-1.845461e+07	6.218785e+04	-4.165930e+06	6.054026e+05	-4.762799e+06	-8.533779e+03	
-1.492933e+06	1.648674e+07	-1.804029e+07	6.062142e+04	-4.252531e+06	6.211044e+05	-4.865317e+06	-8.318823e+03	
-1.766387e+06	1.575261e+07	-1.757889e+07	5.989092e+04	-4.325375e+06	6.278360e+05	-4.944992e+06	-8.218581e+03	
-2.009412e+06	1.499101e+07	-1.706063e+07	6.021283e+04	-4.373175e+06	6.278228e+05	-4.992735e+06	-8.262755e+03	
-2.227387e+06	1.419393e+07	-1.648249e+07	6.117308e+04	-4.392579e+06	6.212101e+05	-5.005395e+06	-8.394526e+03	
-2.431910e+06	1.335228e+07	-1.584662e+07	6.242526e+04	-4.384606e+06	6.081594e+05	-4.984199e+06	-8.566358e+03	
-2.624697e+06	1.246494e+07	-1.515353e+07	6.389513e+04	-4.355945e+06	5.903276e+05	-4.937505e+06	-8.768062e+03	
-2.784058e+06	1.155294e+07	-1.440270e+07	6.570107e+04	-4.317721e+06	5.719551e+05	-4.880660e+06	-9.015883e+03	
-2.890602e+06	1.063703e+07	-1.359556e+07	6.792377e+04	-4.280587e+06	5.574420e+05	-4.828708e+06	-9.320894e+03	
-2.942185e+06	9.730438e+06	-1.274296e+07	7.033388e+04	-4.248528e+06	5.491390e+05	-4.788016e+06	-9.651624e+03	
-2.950108e+06	8.855765e+06	-1.187819e+07	7.232208e+04	-4.218131e+06	5.468355e+05	-4.755042e+06	-9.924456e+03	
-2.929334e+06	8.030004e+06	-1.103271e+07	7.337088e+04	-4.183286e+06	5.490265e+05	-4.722244e+06	-1.006838e+04	
-2.889917e+06	7.262108e+06	-1.022539e+07	7.336301e+04	-4.138130e+06	5.532980e+05	-4.681361e+06	-1.006730e+04	
-2.831146e+06	6.547230e+06	-9.451037e+06	7.266118e+04	-4.077748e+06	5.569116e+05	-4.624689e+06	-9.970989e+03	
-2.742160e+06	5.879540e+06	-8.693304e+06	7.160332e+04	-3.999965e+06	5.585258e+05	-4.548665e+06	-9.825824e+03	
-2.615714e+06	5.260411e+06	-7.946356e+06	7.023162e+04	-3.906229e+06	5.581318e+05	-4.454723e+06	-9.637592e+03	
-2.469827e+06	4.680403e+06	-7.218541e+06	6.831135e+04	-3.798318e+06	5.546565e+05	-4.343600e+06	-9.374081e+03	
-2.326066e+06	4.132263e+06	-6.524022e+06	6.569300e+04	-3.678499e+06	5.464689e+05	-4.215953e+06	-9.014776e+03	
-2.195338e+06	3.616728e+06	-5.874423e+06	6.235721e+04	-3.549834e+06	5.338267e+05	-4.075104e+06	-8.557020e+03	
-2.074345e+06	3.137480e+06	-5.270198e+06	5.837295e+04	-3.414312e+06	5.202256e+05	-3.926527e+06	-8.010277e+03	
-1.957943e+06	2.707296e+06	-4.719059e+06	5.382026e+04	-3.274250e+06	5.092677e+05	-3.776132e+06	-7.385530e+03	
-1.843025e+06	2.330641e+06	-4.222616e+06	4.895093e+04	-3.131033e+06	5.015777e+05	-3.625893e+06	-6.717331e+03	
-1.725503e+06	2.002373e+06	-3.772092e+06	4.421604e+04	-2.987383e+06	4.943156e+05	-3.475631e+06	-6.067582e+03	
-1.606092e+06	1.710885e+06	-3.356970e+06	3.999225e+04	-2.847728e+06	4.852629e+05	-3.327503e+06	-5.487969e+03	
-1.494655e+06	1.436569e+06	-2.967698e+06	3.647343e+04	-2.716546e+06	4.733425e+05	-3.184884e+06	-5.005097e+03	
-1.401665e+06	1.170412e+06	-2.605661e+06	3.358387e+04	-2.598268e+06	4.592436e+05	-3.052903e+06	-4.608574e+03	
-1.333812e+06	9.026038e+05	-2.267643e+06	3.122662e+04	-2.493954e+06	4.430316e+05	-2.932700e+06	-4.285099e+03	
-1.288965e+06	6.338687e+05	-1.952147e+06	2.931330e+04	-2.402556e+06	4.255179e+05	-2.824051e+06	-4.022542e+03	
-1.259450e+06	3.786373e+05	-1.665882e+06	2.779378e+04	-2.319819e+06	4.088465e+05	-2.724852e+06	-3.814024e+03	
-1.244809e+06	1.436793e+05	-1.415112e+06	2.662372e+04	-2.239861e+06	3.943806e+05	-2.630589e+06	-3.653461e+03	
-1.189106e+06	0.000000e+00	-1.214758e+06	2.565152e+04	-2.159469e+06	3.822187e+05	-2.538168e+06	-3.520051e+03	
-1.057970e+06	0.000000e+00	-1.082537e+06	2.456681e+04	-2.079870e+06	3.694729e+05	-2.445972e+06	-3.371201e+03	
-1.006869e+06	0.000000e+00	-1.029942e+06	2.307254e+04	-2.002730e+06	3.536656e+05	-2.353229e+06	-3.166149e+03	
-1.025575e+06	0.000000e+00	-1.046670e+06	2.109505e+04	-1.926193e+06	3.337115e+05	-2.257009e+06	-2.894785e+03	
-9.943536e+05	6.593651e+04	-1.079340e+06	1.904978e+04	-1.824812e+06	3.265547e+05	-2.148753e+06	-2.614122e+03	
-9.593629e+05	1.076762e+05	-1.084394e+06	1.735470e+04	-1.724232e+06	3.027342e+05	-2.024585e+06	-2.381513e+03	
-9.463507e+05	8.145576e+04	-1.044025e+06	1.621821e+04	-1.607449e+06	2.775946e+05	-1.882818e+06	-2.225558e+03	
-9.445039e+05	2.051297e+04	-9.804142e+05	1.539731e+04	-1.475477e+06	2.509361e+05	-1.724300e+06	-2.112909e+03	
-9.018283e+05	0.000000e+00	-9.164346e+05	1.460625e+04	-1.331426e+06	2.229428e+05	-1.552365e+06	-2.004355e+03	
-8.485129e+05	0.000000e+00	-8.621737e+05	1.366083e+04	-1.178992e+06	1.934915e+05	-1.370608e+06	-1.874619e+03	
-8.040629e+05	0.000000e+00	-8.165377e+05	1.247472e+04	-1.024330e+06	1.625962e+05	-1.185214e+06	-1.711854e+03	
-7.634619e+05	0.000000e+00	-7.744924e+05	1.103050e+04	-8.722336e+05	1.304182e+05	-1.001138e+06	-1.513670e+03	
-7.222422e+05	0.000000e+00	-7.315812e+05	9.339048e+03	-7.270803e+05	9.800954e+04	-8.238083e+05	-1.281559e+03	
-6.787141e+05	0.000000e+00	-6.861408e+05	7.426670e+03	-5.872098e+05	7.353806e+04	-6.597288e+05	-1.019131e+03	
-6.279396e+05	0.000000e+00	-6.333105e+05	5.370867e+03	-4.670366e+05	4.663306e+04	-5.129327e+05	-7.370216e+02	
