StressDVtot	StressDVm	StressDVexternal	StressDVFax	StressAPtot	StressAPm	StressAPexternal	StressAPFax	
3.235699e+07	5.620699e+07	-2.392328e+07	7.327865e+04	-1.928590e+06	5.672133e+05	-2.485273e+06	-1.053045e+04	
3.180329e+07	5.617803e+07	-2.444636e+07	7.161505e+04	-1.754157e+06	4.857537e+05	-2.229620e+06	-1.029138e+04	
3.128592e+07	5.621300e+07	-2.499692e+07	6.983502e+04	-1.537087e+06	3.980083e+05	-1.925060e+06	-1.003558e+04	
3.076470e+07	5.614947e+07	-2.545275e+07	6.798650e+04	-1.448104e+06	3.502798e+05	-1.788614e+06	-9.769942e+03	
3.029569e+07	5.611494e+07	-2.588535e+07	6.609396e+04	-1.386326e+06	3.134904e+05	-1.690319e+06	-9.497976e+03	
2.988039e+07	5.610577e+07	-2.628952e+07	6.414390e+04	-1.347691e+06	2.860109e+05	-1.624484e+06	-9.217746e+03	
2.951320e+07	5.610835e+07	-2.665728e+07	6.212653e+04	-1.329852e+06	2.667738e+05	-1.587698e+06	-8.927840e+03	
2.918102e+07	5.610054e+07	-2.697958e+07	6.005377e+04	-1.331983e+06	2.551586e+05	-1.578511e+06	-8.629976e+03	
2.887404e+07	5.606950e+07	-2.725340e+07	5.794380e+04	-1.354774e+06	2.509761e+05	-1.597423e+06	-8.326764e+03	
2.858640e+07	5.601187e+07	-2.748127e+07	5.580076e+04	-1.399637e+06	2.542723e+05	-1.645891e+06	-8.018802e+03	
2.831196e+07	5.592523e+07	-2.766686e+07	5.359184e+04	-1.468561e+06	2.653418e+05	-1.726202e+06	-7.701370e+03	
2.804323e+07	5.580729e+07	-2.781533e+07	5.127866e+04	-1.562993e+06	2.843157e+05	-1.839940e+06	-7.368957e+03	
2.777196e+07	5.565687e+07	-2.793373e+07	4.882160e+04	-1.683377e+06	3.110120e+05	-1.987373e+06	-7.015866e+03	
2.748464e+07	5.546433e+07	-2.802590e+07	4.620759e+04	-1.826464e+06	3.441390e+05	-2.163963e+06	-6.640223e+03	
2.718075e+07	5.523188e+07	-2.809460e+07	4.347734e+04	-1.980705e+06	3.800870e+05	-2.354544e+06	-6.247875e+03	
2.687043e+07	5.497389e+07	-2.814414e+07	4.067529e+04	-2.134241e+06	4.154149e+05	-2.543811e+06	-5.845209e+03	
2.656789e+07	5.470844e+07	-2.817839e+07	3.784330e+04	-2.276524e+06	4.473373e+05	-2.718423e+06	-5.438240e+03	
2.627923e+07	5.444170e+07	-2.819751e+07	3.503548e+04	-2.399387e+06	4.738956e+05	-2.868248e+06	-5.034744e+03	
2.598841e+07	5.415500e+07	-2.819890e+07	3.230417e+04	-2.501415e+06	4.948342e+05	-2.991606e+06	-4.642243e+03	
2.567748e+07	5.382965e+07	-2.818186e+07	2.968931e+04	-2.582635e+06	5.102166e+05	-3.088585e+06	-4.266477e+03	
2.532645e+07	5.344428e+07	-2.814506e+07	2.723410e+04	-2.642258e+06	5.198506e+05	-3.158195e+06	-3.913654e+03	
2.491605e+07	5.297770e+07	-2.808662e+07	2.496994e+04	-2.681179e+06	5.239632e+05	-3.201554e+06	-3.588285e+03	
2.443306e+07	5.241172e+07	-2.800153e+07	2.287159e+04	-2.708049e+06	5.247796e+05	-3.229541e+06	-3.286743e+03	
2.386509e+07	5.172743e+07	-2.788324e+07	2.090240e+04	-2.732797e+06	5.246748e+05	-3.254468e+06	-3.003762e+03	
2.319978e+07	5.090620e+07	-2.772546e+07	1.903158e+04	-2.764753e+06	5.256493e+05	-3.287667e+06	-2.734917e+03	
2.243179e+07	4.994209e+07	-2.752758e+07	1.727503e+04	-2.811410e+06	5.289989e+05	-3.337927e+06	-2.482493e+03	
2.163910e+07	4.889692e+07	-2.727368e+07	1.586416e+04	-2.892860e+06	5.390659e+05	-3.429646e+06	-2.279746e+03	
2.067349e+07	4.767195e+07	-2.701354e+07	1.507843e+04	-2.965351e+06	5.437567e+05	-3.506941e+06	-2.166833e+03	
1.961415e+07	4.632756e+07	-2.672859e+07	1.517232e+04	-3.050912e+06	5.479750e+05	-3.596707e+06	-2.180325e+03	
1.847407e+07	4.488285e+07	-2.642508e+07	1.629492e+04	-3.150179e+06	5.514234e+05	-3.699260e+06	-2.341648e+03	
1.726873e+07	4.335817e+07	-2.610772e+07	1.827694e+04	-3.262945e+06	5.542406e+05	-3.814559e+06	-2.626473e+03	
1.601479e+07	4.177344e+07	-2.577951e+07	2.086899e+04	-3.388771e+06	5.567058e+05	-3.942478e+06	-2.998960e+03	
1.473445e+07	4.015731e+07	-2.544665e+07	2.380081e+04	-3.527466e+06	5.592619e+05	-4.083307e+06	-3.420275e+03	
1.344983e+07	3.853751e+07	-2.511453e+07	2.684766e+04	-3.679217e+06	5.624289e+05	-4.237787e+06	-3.858121e+03	
1.217981e+07	3.692811e+07	-2.477828e+07	2.998611e+04	-3.846603e+06	5.670218e+05	-4.409316e+06	-4.309129e+03	
1.094490e+07	3.534364e+07	-2.443196e+07	3.321968e+04	-4.031787e+06	5.738422e+05	-4.600856e+06	-4.773806e+03	
9.765081e+06	3.379857e+07	-2.407002e+07	3.653719e+04	-4.234661e+06	5.833716e+05	-4.812782e+06	-5.250546e+03	
8.653731e+06	3.229763e+07	-2.368380e+07	3.990538e+04	-4.453084e+06	5.957540e+05	-5.043103e+06	-5.734569e+03	
7.623074e+06	3.084623e+07	-2.326632e+07	4.316430e+04	-4.685472e+06	6.113280e+05	-5.290597e+06	-6.202889e+03	
6.685487e+06	2.945416e+07	-2.281482e+07	4.614306e+04	-4.929910e+06	6.303293e+05	-5.553608e+06	-6.630949e+03	
5.848397e+06	2.812586e+07	-2.232617e+07	4.871352e+04	-5.183311e+06	6.526469e+05	-5.828957e+06	-7.000335e+03	
5.117990e+06	2.686620e+07	-2.179901e+07	5.080113e+04	-5.440949e+06	6.778707e+05	-6.111519e+06	-7.300334e+03	
4.508241e+06	2.570081e+07	-2.124500e+07	5.243201e+04	-5.693347e+06	7.050998e+05	-6.390912e+06	-7.534697e+03	
4.029798e+06	2.465678e+07	-2.068066e+07	5.367485e+04	-5.930264e+06	7.333866e+05	-6.655937e+06	-7.713300e+03	
3.686316e+06	2.375307e+07	-2.012137e+07	5.461843e+04	-6.142387e+06	7.618890e+05	-6.896428e+06	-7.848896e+03	
3.477263e+06	2.300504e+07	-1.958313e+07	5.534913e+04	-6.323275e+06	7.900396e+05	-7.105360e+06	-7.953899e+03	
3.390714e+06	2.240954e+07	-1.907478e+07	5.594497e+04	-6.471989e+06	8.174424e+05	-7.281392e+06	-8.039525e+03	
3.411183e+06	2.195162e+07	-1.859692e+07	5.648212e+04	-6.589479e+06	8.437481e+05	-7.425110e+06	-8.116715e+03	
3.525316e+06	2.161498e+07	-1.814668e+07	5.702438e+04	-6.677686e+06	8.687316e+05	-7.538223e+06	-8.194640e+03	
3.720635e+06	2.138581e+07	-1.772278e+07	5.760138e+04	-6.739548e+06	8.922419e+05	-7.623512e+06	-8.277557e+03	
3.973019e+06	2.123920e+07	-1.732434e+07	5.815506e+04	-6.778375e+06	9.138772e+05	-7.683895e+06	-8.357124e+03	
4.255588e+06	2.114614e+07	-1.694916e+07	5.860434e+04	-6.797335e+06	9.331485e+05	-7.722061e+06	-8.421687e+03	
4.545244e+06	2.108490e+07	-1.659852e+07	5.886520e+04	-6.800196e+06	9.497476e+05	-7.741485e+06	-8.459174e+03	
4.823523e+06	2.103530e+07	-1.627067e+07	5.889403e+04	-6.790257e+06	9.635299e+05	-7.745324e+06	-8.463317e+03	
5.082729e+06	2.096885e+07	-1.594492e+07	5.879295e+04	-6.769735e+06	9.748773e+05	-7.736164e+06	-8.448791e+03	
5.318685e+06	2.085645e+07	-1.559645e+07	5.868290e+04	-6.740619e+06	9.843918e+05	-7.716578e+06	-8.432976e+03	
5.527733e+06	2.067087e+07	-1.520181e+07	5.867203e+04	-6.704771e+06	9.927088e+05	-7.689048e+06	-8.431414e+03	
5.698687e+06	2.037608e+07	-1.473623e+07	5.883842e+04	-6.662931e+06	1.000113e+06	-7.654589e+06	-8.455326e+03	
5.858565e+06	1.998542e+07	-1.418603e+07	5.917919e+04	-6.612876e+06	1.007554e+06	-7.611926e+06	-8.504295e+03	
5.876968e+06	1.936238e+07	-1.354508e+07	5.966972e+04	-6.557402e+06	1.011028e+06	-7.559855e+06	-8.574786e+03	
5.786600e+06	1.853429e+07	-1.280797e+07	6.028827e+04	-6.494007e+06	1.011345e+06	-7.496688e+06	-8.663675e+03	
5.574252e+06	1.748439e+07	-1.197113e+07	6.099880e+04	-6.420818e+06	1.007820e+06	-7.419872e+06	-8.765781e+03	
5.254512e+06	1.623985e+07	-1.104706e+07	6.172816e+04	-6.333832e+06	1.000533e+06	-7.325495e+06	-8.870593e+03	
4.850178e+06	1.484591e+07	-1.005813e+07	6.240170e+04	-6.228198e+06	9.896300e+05	-7.208860e+06	-8.967384e+03	
4.382975e+06	1.335041e+07	-9.030379e+06	6.294870e+04	-6.098764e+06	9.751147e+05	-7.064833e+06	-9.045990e+03	
3.873474e+06	1.180049e+07	-7.990317e+06	6.330010e+04	-5.943331e+06	9.572947e+05	-6.891529e+06	-9.096487e+03	
3.334092e+06	1.021861e+07	-6.947915e+06	6.340099e+04	-5.765939e+06	9.368099e+05	-6.693638e+06	-9.110986e+03	
2.771660e+06	8.612101e+06	-5.903654e+06	6.321281e+04	-5.571533e+06	9.142101e+05	-6.476659e+06	-9.083944e+03	
2.190966e+06	6.982137e+06	-4.853868e+06	6.269700e+04	-5.364526e+06	8.900015e+05	-6.245517e+06	-9.009819e+03	
1.598417e+06	5.336015e+06	-3.799437e+06	6.183965e+04	-5.148820e+06	8.646518e+05	-6.004585e+06	-8.886615e+03	
1.002969e+06	3.700193e+06	-2.757885e+06	6.066073e+04	-4.925477e+06	8.382554e+05	-5.755015e+06	-8.717199e+03	
4.101594e+05	2.097685e+06	-1.746711e+06	5.918498e+04	-4.694652e+06	8.107004e+05	-5.496848e+06	-8.505128e+03	
-1.748208e+05	5.498736e+05	-7.821396e+05	5.744523e+04	-4.457517e+06	7.820008e+05	-5.231263e+06	-8.255118e+03	
1.764100e+05	0.000000e+00	1.209103e+05	5.549973e+04	-4.215662e+06	7.520981e+05	-4.959784e+06	-7.975541e+03	
1.002908e+06	0.000000e+00	9.494748e+05	5.343313e+04	-3.969242e+06	7.204651e+05	-4.682029e+06	-7.678563e+03	
1.735070e+06	0.000000e+00	1.683747e+06	5.132351e+04	-3.719304e+06	6.867525e+05	-4.398681e+06	-7.375402e+03	
2.343069e+06	0.000000e+00	2.293819e+06	4.924939e+04	-3.469970e+06	6.512086e+05	-4.114101e+06	-7.077342e+03	
2.798282e+06	0.000000e+00	2.751009e+06	4.727340e+04	-3.204436e+06	6.373641e+05	-3.835006e+06	-6.793384e+03	
3.102136e+06	0.000000e+00	3.056738e+06	4.539752e+04	-2.972267e+06	6.020216e+05	-3.567765e+06	-6.523812e+03	
3.270679e+06	0.000000e+00	3.227076e+06	4.360304e+04	-2.756175e+06	5.676529e+05	-3.317562e+06	-6.265938e+03	
3.326670e+06	0.000000e+00	3.284796e+06	4.187416e+04	-2.557802e+06	5.347509e+05	-3.086536e+06	-6.017491e+03	
3.293772e+06	0.000000e+00	3.253585e+06	4.018755e+04	-2.376021e+06	5.032635e+05	-2.873510e+06	-5.775118e+03	
3.188945e+06	0.000000e+00	3.150432e+06	3.851368e+04	-2.209858e+06	4.732347e+05	-2.677558e+06	-5.534575e+03	
3.028130e+06	0.000000e+00	2.991301e+06	3.682924e+04	-2.057825e+06	4.446947e+05	-2.497227e+06	-5.292515e+03	
2.827449e+06	0.000000e+00	2.792338e+06	3.511028e+04	-1.916709e+06	4.172817e+05	-2.328945e+06	-5.045493e+03	
2.599395e+06	0.000000e+00	2.566059e+06	3.333582e+04	-1.783749e+06	3.907396e+05	-2.169698e+06	-4.790496e+03	
2.344555e+06	0.000000e+00	2.313054e+06	3.150059e+04	-1.658680e+06	3.652535e+05	-2.019406e+06	-4.526766e+03	
2.063039e+06	0.000000e+00	2.033440e+06	2.959841e+04	-1.540591e+06	3.407130e+05	-1.877051e+06	-4.253415e+03	
1.757760e+06	0.000000e+00	1.730142e+06	2.761792e+04	-1.427789e+06	3.167646e+05	-1.740585e+06	-3.968810e+03	
1.437544e+06	0.000000e+00	1.411986e+06	2.555821e+04	-1.318864e+06	2.932072e+05	-1.608398e+06	-3.672821e+03	
1.124670e+06	0.000000e+00	1.101232e+06	2.343710e+04	-1.199127e+06	2.810686e+05	-1.476828e+06	-3.368008e+03	
8.387384e+05	0.000000e+00	8.174655e+05	2.127292e+04	-1.086275e+06	2.591961e+05	-1.342414e+06	-3.057007e+03	
5.928123e+05	0.000000e+00	5.737204e+05	1.909189e+04	-9.710786e+05	2.363793e+05	-1.204714e+06	-2.743584e+03	
3.923185e+05	0.000000e+00	3.753908e+05	1.692771e+04	-8.555559e+05	2.131422e+05	-1.066266e+06	-2.432582e+03	
2.329841e+05	0.000000e+00	2.181873e+05	1.479675e+04	-7.423156e+05	1.900737e+05	-9.302629e+05	-2.126355e+03	
1.112126e+05	0.000000e+00	9.849606e+04	1.271649e+04	-6.336901e+05	1.677260e+05	-7.995887e+05	-1.827412e+03	
2.334456e+04	0.000000e+00	1.262904e+04	1.071552e+04	-5.323452e+05	1.468003e+05	-6.776057e+05	-1.539864e+03	
-3.383586e+04	0.000000e+00	-4.265866e+04	8.822799e+03	-4.396560e+05	1.275622e+05	-5.659504e+05	-1.267873e+03	
-6.181271e+04	0.000000e+00	-6.887561e+04	7.062901e+03	-3.560080e+05	1.098899e+05	-4.648829e+05	-1.014968e+03	
-6.419645e+04	0.000000e+00	-6.966232e+04	5.465876e+03	-2.831025e+05	9.400722e+04	-3.763242e+05	-7.854691e+02	
-4.775438e+04	0.000000e+00	-5.181844e+04	4.064056e+03	-2.229963e+05	8.021176e+04	-3.026241e+05	-5.840217e+02	
