Pct	FAxFem(N)	FAP(N)	FDV(N)	HipTorqAP(Nm)	HipTorqDV(Nm)	FemTorsion(Nm)	TKFlex(Nm)	FAxTib(N)	FMLTib(N)	TAnkFlex(Nm)	TibTorsion(Nm)	Rhip(m)	Rknee(m)	Rankle(m)	Fem-GRFang(deg)	Tib-GRFang(deg)	
0.000000e+00	-1.370584e-01	-4.495897e-02	-3.224209e-01	-1.452591e-03	8.402575e-03	-6.608475e-04	-5.807940e-03	-2.607236e-01	-2.340159e-01	5.516376e-04	-1.366136e-04	2.378877e-02	-1.644303e-02	1.561757e-03	1.128320e+02	1.375734e+02	
1.000000e+00	-1.508213e-01	-4.731138e-02	-3.215287e-01	-1.542040e-03	8.469354e-03	-6.306362e-04	-5.796420e-03	-2.680193e-01	-2.330095e-01	5.801926e-04	-1.119159e-04	2.363878e-02	-1.617836e-02	1.619373e-03	1.148950e+02	1.384233e+02	
2.000000e+00	-1.561025e-01	-4.880716e-02	-3.221681e-01	-1.601563e-03	8.446088e-03	-6.645819e-04	-5.711804e-03	-2.768762e-01	-2.269357e-01	6.066170e-04	-1.050504e-04	2.337652e-02	-1.580875e-02	1.678954e-03	1.155978e+02	1.400246e+02	
3.000000e+00	-1.539936e-01	-4.858158e-02	-3.234537e-01	-1.605228e-03	8.346524e-03	-7.385337e-04	-5.566139e-03	-2.850546e-01	-2.169797e-01	6.206445e-04	-1.124618e-04	2.308733e-02	-1.539650e-02	1.716765e-03	1.152116e+02	1.420447e+02	
4.000000e+00	-1.457258e-01	-4.582528e-02	-3.244799e-01	-1.526465e-03	8.199179e-03	-8.205646e-04	-5.384158e-03	-2.906845e-01	-2.050019e-01	6.086572e-04	-1.311021e-04	2.286182e-02	-1.501268e-02	1.697122e-03	1.139744e+02	1.441465e+02	
5.000000e+00	-1.330074e-01	-3.982651e-02	-3.243678e-01	-1.344220e-03	8.041786e-03	-8.702179e-04	-5.197976e-03	-2.925413e-01	-1.931969e-01	5.580662e-04	-1.590019e-04	2.279200e-02	-1.473209e-02	1.581669e-03	1.121461e+02	1.460084e+02	
6.000000e+00	-1.179923e-01	-3.059563e-02	-3.225125e-01	-1.063419e-03	7.906989e-03	-8.563838e-04	-5.035989e-03	-2.903191e-01	-1.834430e-01	4.675108e-04	-1.954961e-04	2.293350e-02	-1.460642e-02	1.355972e-03	1.100126e+02	1.473566e+02	
7.000000e+00	-1.029637e-01	-2.050834e-02	-3.185041e-01	-7.599378e-04	7.784039e-03	-8.003364e-04	-4.898280e-03	-2.846533e-01	-1.761217e-01	3.645866e-04	-2.383966e-04	2.321093e-02	-1.460600e-02	1.087147e-03	1.078800e+02	1.480811e+02	
8.000000e+00	-9.002353e-02	-1.210662e-02	-3.126656e-01	-5.112755e-04	7.657632e-03	-7.459179e-04	-4.781602e-03	-2.766155e-01	-1.713122e-01	2.793423e-04	-2.844067e-04	2.351906e-02	-1.468584e-02	8.579504e-04	1.060509e+02	1.481656e+02	
9.000000e+00	-8.040418e-02	-6.751271e-03	-3.058792e-01	-3.564844e-04	7.526638e-03	-7.241763e-04	-4.686475e-03	-2.673830e-01	-1.689179e-01	2.273754e-04	-3.293858e-04	2.379269e-02	-1.481456e-02	7.187634e-04	1.047243e+02	1.476970e+02	
1.000000e+01	-7.335074e-02	-4.543625e-03	-2.994392e-01	-2.937369e-04	7.403455e-03	-7.405217e-04	-4.611756e-03	-2.584863e-01	-1.680149e-01	2.067714e-04	-3.675917e-04	2.401179e-02	-1.495741e-02	6.706263e-04	1.037627e+02	1.469668e+02	
1.100000e+01	-6.777648e-02	-5.672301e-03	-2.942677e-01	-3.240918e-04	7.295519e-03	-7.965503e-04	-4.553018e-03	-2.512314e-01	-1.675409e-01	2.154284e-04	-3.932898e-04	2.415532e-02	-1.507495e-02	7.132791e-04	1.029680e+02	1.462864e+02	
1.200000e+01	-6.298428e-02	-6.816711e-03	-2.908118e-01	-3.581774e-04	7.208676e-03	-8.735954e-04	-4.503121e-03	-2.460812e-01	-1.672800e-01	2.273969e-04	-4.297514e-04	2.422007e-02	-1.512981e-02	7.640194e-04	1.022172e+02	1.457710e+02	
1.300000e+01	-5.847736e-02	-8.934371e-03	-2.890930e-01	-4.120116e-04	7.126330e-03	-9.480657e-04	-4.430600e-03	-2.448816e-01	-1.644000e-01	2.417335e-04	-4.428459e-04	2.415023e-02	-1.501474e-02	8.192042e-04	1.014301e+02	1.460857e+02	
1.400000e+01	-5.390561e-02	-7.192371e-03	-2.890370e-01	-3.588642e-04	7.051540e-03	-9.833438e-04	-4.327538e-03	-2.473469e-01	-1.589582e-01	2.235941e-04	-4.624155e-04	2.397596e-02	-1.471408e-02	7.602430e-04	1.005612e+02	1.472465e+02	
1.500000e+01	-5.099487e-02	-2.382849e-03	-2.898948e-01	-2.309759e-04	6.970366e-03	-9.873420e-04	-4.191378e-03	-2.526238e-01	-1.510652e-01	1.869094e-04	-4.884492e-04	2.368010e-02	-1.423917e-02	6.349785e-04	9.997643e+01	1.491181e+02	
1.600000e+01	-5.206896e-02	3.720606e-03	-2.907252e-01	-8.823223e-05	6.866549e-03	-9.832934e-04	-4.024863e-03	-2.593306e-01	-1.413505e-01	1.560244e-04	-5.182495e-04	2.324692e-02	-1.362630e-02	5.282256e-04	1.001533e+02	1.513987e+02	
1.700000e+01	-5.731660e-02	1.068023e-02	-2.910392e-01	5.478149e-05	6.740227e-03	-9.777902e-04	-3.836730e-03	-2.664326e-01	-1.303943e-01	1.379319e-04	-5.501998e-04	2.270801e-02	-1.292605e-02	4.646964e-04	1.011339e+02	1.538468e+02	
1.800000e+01	-6.290351e-02	1.944900e-02	-2.909989e-01	2.367737e-04	6.608014e-03	-9.477759e-04	-3.636145e-03	-2.733853e-01	-1.178884e-01	1.111331e-04	-5.817489e-04	2.214819e-02	-1.218733e-02	3.724865e-04	1.021713e+02	1.563925e+02	
1.900000e+01	-6.497568e-02	3.010768e-02	-2.910591e-01	4.754121e-04	6.485243e-03	-8.754444e-04	-3.431098e-03	-2.796428e-01	-1.036202e-01	5.613543e-05	-6.096101e-04	2.163627e-02	-1.144694e-02	1.872808e-04	1.025197e+02	1.589000e+02	
2.000000e+01	-6.380029e-02	4.113981e-02	-2.910171e-01	7.289267e-04	6.362208e-03	-7.775821e-04	-3.224919e-03	-2.844326e-01	-8.865396e-02	-1.574074e-05	-6.329719e-04	2.115408e-02	-1.072272e-02	-5.233733e-05	1.022474e+02	1.610367e+02	
2.100000e+01	-6.254373e-02	5.111172e-02	-2.903062e-01	9.460640e-04	6.220933e-03	-6.925455e-04	-3.025629e-03	-2.873006e-01	-7.515139e-02	-7.642517e-05	-6.546856e-04	2.064469e-02	-1.004080e-02	-2.536233e-04	1.019792e+02	1.624457e+02	
2.200000e+01	-6.358483e-02	5.961907e-02	-2.885499e-01	1.107805e-03	6.052915e-03	-6.481433e-04	-2.842868e-03	-2.882856e-01	-6.477289e-02	-1.074206e-04	-6.774513e-04	2.008083e-02	-9.431350e-03	-3.563730e-04	1.021778e+02	1.630189e+02	
2.300000e+01	-6.657261e-02	6.754162e-02	-2.857205e-01	1.239932e-03	5.867958e-03	-6.317530e-04	-2.677296e-03	-2.877314e-01	-5.726062e-02	-1.156368e-04	-7.031004e-04	1.949176e-02	-8.893250e-03	-3.841141e-04	1.027758e+02	1.628947e+02	
2.400000e+01	-7.067113e-02	7.585717e-02	-2.818177e-01	1.372292e-03	5.676046e-03	-6.202346e-04	-2.524307e-03	-2.859293e-01	-5.157586e-02	-1.134224e-04	-7.327681e-04	1.890231e-02	-8.406425e-03	-3.777181e-04	1.036122e+02	1.622131e+02	
2.500000e+01	-7.457446e-02	8.494137e-02	-2.771011e-01	1.522174e-03	5.487135e-03	-5.938853e-04	-2.380628e-03	-2.831657e-01	-4.651399e-02	-1.142722e-04	-7.643050e-04	1.833518e-02	-7.954833e-03	-3.818390e-04	1.044296e+02	1.611193e+02	
2.600000e+01	-7.599250e-02	9.412809e-02	-2.726064e-01	1.685872e-03	5.318121e-03	-5.395913e-04	-2.247783e-03	-2.800164e-01	-4.098719e-02	-1.344263e-04	-7.906921e-04	1.783147e-02	-7.536735e-03	-4.507265e-04	1.047618e+02	1.598652e+02	
2.700000e+01	-7.292310e-02	1.023835e-01	-2.695350e-01	1.846872e-03	5.181840e-03	-4.489432e-04	-2.126041e-03	-2.771245e-01	-3.418995e-02	-1.878205e-04	-8.048110e-04	1.742356e-02	-7.148655e-03	-6.315325e-04	1.041936e+02	1.587189e+02	
2.800000e+01	-6.617011e-02	1.086466e-01	-2.683196e-01	1.969107e-03	5.075261e-03	-3.484899e-04	-2.014939e-03	-2.750388e-01	-2.697277e-02	-2.590752e-04	-8.043299e-04	1.709143e-02	-6.785500e-03	-8.724605e-04	1.028756e+02	1.578530e+02	
2.900000e+01	-5.814268e-02	1.123752e-01	-2.685947e-01	2.023799e-03	4.983173e-03	-2.821229e-04	-1.913526e-03	-2.740234e-01	-2.085379e-02	-3.183043e-04	-7.892570e-04	1.678379e-02	-6.444935e-03	-1.072079e-03	1.012933e+02	1.573593e+02	
3.000000e+01	-5.104936e-02	1.138123e-01	-2.698550e-01	2.010857e-03	4.891587e-03	-2.758710e-04	-1.819369e-03	-2.741433e-01	-1.653021e-02	-3.468074e-04	-7.609006e-04	1.645395e-02	-6.119857e-03	-1.166565e-03	9.988764e+01	1.572414e+02	
3.100000e+01	-4.683628e-02	1.141889e-01	-2.712469e-01	1.964655e-03	4.793299e-03	-3.082004e-04	-1.723888e-03	-2.749692e-01	-1.266868e-02	-3.469735e-04	-7.230894e-04	1.608457e-02	-5.784740e-03	-1.164317e-03	9.904244e+01	1.573236e+02	
3.200000e+01	-4.745709e-02	1.147596e-01	-2.719686e-01	1.916632e-03	4.686382e-03	-3.486029e-04	-1.620920e-03	-2.759716e-01	-7.665763e-03	-3.217522e-04	-6.800824e-04	1.567458e-02	-5.421505e-03	-1.076167e-03	9.913323e+01	1.573754e+02	
3.300000e+01	-5.279033e-02	1.158724e-01	-2.718073e-01	1.874497e-03	4.571104e-03	-3.819399e-04	-1.509450e-03	-2.768849e-01	-8.874771e-04	-2.753100e-04	-6.325308e-04	1.522919e-02	-5.028919e-03	-9.172292e-04	1.001298e+02	1.572908e+02	
3.400000e+01	-6.009820e-02	1.170096e-01	-2.713602e-01	1.826718e-03	4.447487e-03	-4.109953e-04	-1.390060e-03	-2.778454e-01	7.078772e-03	-2.168841e-04	-5.775986e-04	1.474819e-02	-4.609538e-03	-7.192033e-04	1.014955e+02	1.571251e+02	
3.500000e+01	-6.672407e-02	1.178202e-01	-2.713679e-01	1.765628e-03	4.314482e-03	-4.375946e-04	-1.261295e-03	-2.790174e-01	1.555373e-02	-1.568602e-04	-5.131510e-04	1.422642e-02	-4.158948e-03	-5.172252e-04	1.027099e+02	1.569294e+02	
3.600000e+01	-7.132870e-02	1.191659e-01	-2.719504e-01	1.710601e-03	4.167550e-03	-4.406516e-04	-1.117962e-03	-2.800451e-01	2.489008e-02	-1.119352e-04	-4.426633e-04	1.364795e-02	-3.661115e-03	-3.665669e-04	1.035085e+02	1.565051e+02	
3.700000e+01	-7.305172e-02	1.222136e-01	-2.729846e-01	1.687434e-03	4.002932e-03	-3.910802e-04	-9.558441e-04	-2.803205e-01	3.574247e-02	-1.020620e-04	-3.728470e-04	1.300138e-02	-3.104547e-03	-3.314936e-04	1.037255e+02	1.555706e+02	
3.800000e+01	-7.200581e-02	1.270419e-01	-2.743696e-01	1.695510e-03	3.822529e-03	-2.836595e-04	-7.766020e-04	-2.795721e-01	4.798886e-02	-1.319220e-04	-3.086286e-04	1.229859e-02	-2.498635e-03	-4.244453e-04	1.033955e+02	1.540917e+02	
3.900000e+01	-7.115329e-02	1.321817e-01	-2.758804e-01	1.701408e-03	3.639349e-03	-1.640156e-04	-5.951578e-04	-2.784172e-01	6.046991e-02	-1.696193e-04	-2.489940e-04	1.158742e-02	-1.894939e-03	-5.400554e-04	1.030939e+02	1.524318e+02	
4.000000e+01	-7.395071e-02	1.363477e-01	-2.770593e-01	1.684065e-03	3.465918e-03	-8.092111e-05	-4.297863e-04	-2.774341e-01	7.253190e-02	-1.796996e-04	-1.903211e-04	1.091547e-02	-1.353557e-03	-5.659411e-04	1.034678e+02	1.508966e+02	
4.100000e+01	-8.060027e-02	1.392836e-01	-2.777920e-01	1.645134e-03	3.308829e-03	-4.789828e-05	-2.898565e-04	-2.768880e-01	8.365287e-02	-1.539299e-04	-1.309000e-04	1.030669e-02	-9.028759e-04	-4.794773e-04	1.045404e+02	1.495963e+02	
4.200000e+01	-8.804656e-02	1.413886e-01	-2.783949e-01	1.593297e-03	3.167340e-03	-4.838357e-05	-1.727266e-04	-2.768458e-01	9.280249e-02	-1.078494e-04	-7.158131e-05	9.763162e-03	-5.324208e-04	-3.324404e-04	1.057476e+02	1.485794e+02	
4.300000e+01	-9.339031e-02	1.431136e-01	-2.793682e-01	1.536594e-03	3.042847e-03	-6.636012e-05	-7.503224e-05	-2.775280e-01	9.872466e-02	-5.630072e-05	-1.497947e-05	9.291413e-03	-2.291129e-04	-1.719157e-04	1.065690e+02	1.479343e+02	
4.400000e+01	-9.634168e-02	1.444053e-01	-2.807307e-01	1.478015e-03	2.937639e-03	-9.638962e-05	8.488631e-06	-2.789077e-01	1.014985e-01	-1.458180e-06	3.921549e-05	8.900125e-03	2.571789e-05	-4.417827e-06	1.069709e+02	1.476723e+02	
4.500000e+01	-9.757928e-02	1.449776e-01	-2.823520e-01	1.429750e-03	2.875079e-03	-1.345506e-04	6.261618e-05	-2.808334e-01	1.018675e-01	4.634104e-05	8.069085e-05	8.658350e-03	1.885697e-04	1.395568e-04	1.070893e+02	1.477508e+02	
4.600000e+01	-9.772791e-02	1.447312e-01	-2.840822e-01	1.391971e-03	2.853892e-03	-1.802248e-04	8.967362e-05	-2.831562e-01	1.003793e-01	8.788645e-05	1.093656e-04	8.558231e-03	2.689126e-04	2.635533e-04	1.070416e+02	1.481169e+02	
4.700000e+01	-9.720052e-02	1.441533e-01	-2.856039e-01	1.368492e-03	2.865701e-03	-2.289464e-04	8.641378e-05	-2.856933e-01	9.693731e-02	1.234740e-04	1.213228e-04	8.570666e-03	2.584441e-04	3.692829e-04	1.069002e+02	1.486984e+02	
4.800000e+01	-9.643474e-02	1.438248e-01	-2.866005e-01	1.363007e-03	2.901052e-03	-2.758851e-04	5.027899e-05	-2.882590e-01	9.135789e-02	1.550108e-04	1.131698e-04	8.663714e-03	1.501534e-04	4.629250e-04	1.067379e+02	1.494131e+02	
4.900000e+01	-9.549624e-02	1.439919e-01	-2.870326e-01	1.376137e-03	2.954885e-03	-3.192100e-04	-1.588621e-05	-2.907155e-01	8.361674e-02	1.838300e-04	8.502778e-05	8.819928e-03	-4.741818e-05	5.487074e-04	1.065615e+02	1.501978e+02	
5.000000e+01	-9.416837e-02	1.446780e-01	-2.871110e-01	1.406888e-03	3.025617e-03	-3.590105e-04	-1.052028e-04	-2.929943e-01	7.385632e-02	2.101503e-04	3.946883e-05	9.031407e-03	-3.140283e-04	6.272943e-04	1.063253e+02	1.509956e+02	
5.100000e+01	-9.234727e-02	1.458075e-01	-2.869697e-01	1.452980e-03	3.109959e-03	-3.951843e-04	-2.096907e-04	-2.949215e-01	6.245784e-02	2.340539e-04	-1.997146e-05	9.287000e-03	-6.261809e-04	6.989348e-04	1.060079e+02	1.517268e+02	
5.200000e+01	-9.024196e-02	1.474156e-01	-2.865897e-01	1.516815e-03	3.208946e-03	-4.249156e-04	-3.277302e-04	-2.962027e-01	5.041039e-02	2.502119e-04	-9.226829e-05	9.588192e-03	-9.792438e-04	7.476223e-04	1.056428e+02	1.522566e+02	
5.300000e+01	-8.814643e-02	1.496022e-01	-2.857728e-01	1.592103e-03	3.301468e-03	-4.416184e-04	-4.382985e-04	-2.965159e-01	3.891246e-02	2.618360e-04	-1.660588e-04	9.873104e-03	-1.310740e-03	7.830257e-04	1.052840e+02	1.524661e+02	
5.400000e+01	-8.621893e-02	1.524873e-01	-2.843988e-01	1.678534e-03	3.381811e-03	-4.443347e-04	-5.386061e-04	-2.957978e-01	2.863650e-02	2.673847e-04	-2.384124e-04	1.012460e-02	-1.612501e-03	8.005072e-04	1.049589e+02	1.523220e+02	
5.500000e+01	-8.449996e-02	1.558116e-01	-2.824953e-01	1.761608e-03	3.433307e-03	-4.414563e-04	-6.169896e-04	-2.942178e-01	1.948539e-02	2.769220e-04	-3.013125e-04	1.029483e-02	-1.850053e-03	8.303553e-04	1.046773e+02	1.519110e+02	
5.600000e+01	-8.294580e-02	1.592074e-01	-2.801878e-01	1.826169e-03	3.443790e-03	-4.413316e-04	-6.641288e-04	-2.919921e-01	1.121895e-02	2.998525e-04	-3.480210e-04	1.034903e-02	-1.995792e-03	9.010951e-04	1.044339e+02	1.513391e+02	
5.700000e+01	-8.163918e-02	1.627600e-01	-2.772812e-01	1.873413e-03	3.409101e-03	-4.336525e-04	-6.821689e-04	-2.890146e-01	4.513047e-03	3.301299e-04	-3.787807e-04	1.027693e-02	-2.056437e-03	9.951954e-04	1.042472e+02	1.506044e+02	
5.800000e+01	-8.072336e-02	1.669948e-01	-2.732789e-01	1.915432e-03	3.326638e-03	-3.974598e-04	-6.802903e-04	-2.849514e-01	5.664816e-04	3.525590e-04	-3.980906e-04	1.007217e-02	-2.059738e-03	1.067455e-03	1.041469e+02	1.496276e+02	
5.900000e+01	-8.056242e-02	1.721203e-01	-2.677304e-01	1.957700e-03	3.196082e-03	-3.224220e-04	-6.664688e-04	-2.795887e-01	5.946127e-05	3.588852e-04	-4.102460e-04	9.734599e-03	-2.029925e-03	1.093090e-03	1.042041e+02	1.483828e+02	
6.000000e+01	-8.215739e-02	1.773804e-01	-2.605226e-01	1.991593e-03	3.030450e-03	-2.274551e-04	-6.446776e-04	-2.731625e-01	2.029475e-03	3.639680e-04	-4.178126e-04	9.304193e-03	-1.979312e-03	1.117467e-03	1.046103e+02	1.470003e+02	
6.100000e+01	-8.660217e-02	1.819865e-01	-2.515737e-01	2.012239e-03	2.846901e-03	-1.370769e-04	-6.193445e-04	-2.660114e-01	5.213653e-03	3.875168e-04	-4.235665e-04	8.831757e-03	-1.921353e-03	1.202169e-03	1.055846e+02	1.456119e+02	
6.200000e+01	-9.351915e-02	1.857995e-01	-2.406471e-01	2.026943e-03	2.657861e-03	-6.470440e-05	-5.937350e-04	-2.580510e-01	8.156997e-03	4.399545e-04	-4.301217e-04	8.355810e-03	-1.866590e-03	1.383133e-03	1.070980e+02	1.442196e+02	
6.300000e+01	-1.006787e-01	1.893508e-01	-2.277345e-01	2.052379e-03	2.474678e-03	-1.176934e-05	-5.709594e-04	-2.488361e-01	8.931273e-03	5.205934e-04	-4.403337e-04	7.911008e-03	-1.825233e-03	1.664224e-03	1.087748e+02	1.427002e+02	
6.400000e+01	-1.056592e-01	1.930425e-01	-2.132220e-01	2.102893e-03	2.310644e-03	2.205896e-05	-5.550042e-04	-2.378938e-01	5.834683e-03	6.254946e-04	-4.561697e-04	7.540786e-03	-1.811256e-03	2.041302e-03	1.101708e+02	1.409291e+02	
6.500000e+01	-1.073071e-01	1.967757e-01	-1.977556e-01	2.182053e-03	2.166968e-03	4.758935e-05	-5.476921e-04	-2.249936e-01	-8.325816e-05	7.313731e-04	-4.788862e-04	7.249747e-03	-1.832343e-03	2.446861e-03	1.110391e+02	1.388276e+02	
6.600000e+01	-1.056678e-01	2.002254e-01	-1.817217e-01	2.282936e-03	2.030562e-03	7.844260e-05	-5.462534e-04	-2.101150e-01	-6.336145e-03	8.106392e-04	-5.082153e-04	6.994514e-03	-1.881635e-03	2.792343e-03	1.113452e+02	1.363663e+02	
6.700000e+01	-1.015995e-01	2.029710e-01	-1.652355e-01	2.388322e-03	1.883219e-03	1.220154e-04	-5.437345e-04	-1.936754e-01	-1.072722e-02	8.486944e-04	-5.408202e-04	6.707734e-03	-1.936698e-03	3.022918e-03	1.112159e+02	1.336176e+02	
6.800000e+01	-9.660224e-02	2.041592e-01	-1.486381e-01	2.466472e-03	1.713247e-03	1.742886e-04	-5.299860e-04	-1.768629e-01	-1.203365e-02	8.481124e-04	-5.679244e-04	6.336400e-03	-1.960140e-03	3.136723e-03	1.109333e+02	1.308532e+02	
6.900000e+01	-9.207283e-02	2.032740e-01	-1.323300e-01	2.490547e-03	1.515604e-03	2.334158e-04	-4.967955e-04	-1.609249e-01	-9.582392e-03	8.124565e-04	-5.825057e-04	5.841834e-03	-1.914878e-03	3.131581e-03	1.107868e+02	1.283365e+02	
7.000000e+01	-8.878831e-02	2.004798e-01	-1.163578e-01	2.465214e-03	1.300674e-03	2.938245e-04	-4.430549e-04	-1.463041e-01	-4.198778e-03	7.587909e-04	-5.827294e-04	5.239941e-03	-1.784907e-03	3.056892e-03	1.109588e+02	1.261149e+02	
7.100000e+01	-8.681775e-02	1.963152e-01	-1.004164e-01	2.421351e-03	1.086763e-03	3.431930e-04	-3.744421e-04	-1.327226e-01	2.342034e-03	7.145457e-04	-5.701313e-04	4.585847e-03	-1.580045e-03	3.015190e-03	1.114906e+02	1.240595e+02	
7.200000e+01	-8.585696e-02	1.913876e-01	-8.411129e-02	2.389003e-03	8.833847e-04	3.712367e-04	-2.973196e-04	-1.198631e-01	8.886436e-03	6.978971e-04	-5.470921e-04	3.908808e-03	-1.315582e-03	3.088061e-03	1.123276e+02	1.220306e+02	
7.300000e+01	-8.559839e-02	1.861544e-01	-6.676926e-02	2.372800e-03	6.732939e-04	3.866131e-04	-2.084211e-04	-1.072994e-01	1.649447e-02	6.935250e-04	-5.183667e-04	3.124387e-03	-9.671676e-04	3.218268e-03	1.134042e+02	1.198623e+02	
7.400000e+01	-8.599546e-02	1.805832e-01	-4.767985e-02	2.362158e-03	4.329319e-04	4.005691e-04	-9.903647e-05	-9.462548e-02	2.673211e-02	6.795285e-04	-4.887977e-04	2.105512e-03	-4.816521e-04	3.304806e-03	1.147228e+02	1.174000e+02	
7.500000e+01	-8.709439e-02	1.738666e-01	-2.709722e-02	2.332334e-03	1.506743e-04	4.248556e-04	3.874826e-05	-8.181050e-02	4.033279e-02	6.366944e-04	-4.611528e-04	7.674165e-04	1.973531e-04	3.242820e-03	1.163332e+02	1.146251e+02	
7.600000e+01	-8.905399e-02	1.649549e-01	-7.312973e-03	2.251360e-03	-1.574702e-04	4.765605e-04	2.071388e-04	-6.940933e-02	5.627111e-02	5.494133e-04	-4.373919e-04	-8.393880e-04	1.104144e-03	2.928624e-03	1.183398e+02	1.117146e+02	
7.700000e+01	-9.266025e-02	1.532591e-01	8.226017e-03	2.091583e-03	-4.578135e-04	5.715361e-04	4.060048e-04	-5.814472e-02	7.261392e-02	4.105298e-04	-4.182154e-04	-2.553598e-03	2.264619e-03	2.289859e-03	1.211207e+02	1.089244e+02	
7.800000e+01	-9.751179e-02	1.398825e-01	1.685371e-02	1.869020e-03	-7.052308e-04	6.886302e-04	6.100028e-04	-4.856180e-02	8.622266e-02	2.466064e-04	-4.007658e-04	-4.115810e-03	3.560048e-03	1.439224e-03	1.246869e+02	1.064640e+02	
7.900000e+01	-1.011389e-01	1.271265e-01	2.011608e-02	1.641997e-03	-8.754498e-04	7.738101e-04	7.728555e-04	-4.076834e-02	9.471896e-02	1.110781e-04	-3.798207e-04	-5.348172e-03	4.721417e-03	6.785823e-04	1.281603e+02	1.044217e+02	
8.000000e+01	-1.008646e-01	1.169849e-01	2.362942e-02	1.480626e-03	-9.726502e-04	7.812361e-04	8.594803e-04	-3.457715e-02	9.765473e-02	4.792395e-05	-3.527726e-04	-6.224523e-03	5.500286e-03	3.066916e-04	1.302023e+02	1.027842e+02	
8.100000e+01	-9.669888e-02	1.092450e-01	3.025251e-02	1.396271e-03	-1.024609e-03	7.207190e-04	8.816622e-04	-2.956010e-02	9.691278e-02	4.700938e-05	-3.202172e-04	-6.876668e-03	5.917280e-03	3.155037e-04	1.304659e+02	1.014430e+02	
8.200000e+01	-8.946252e-02	1.028910e-01	3.900550e-02	1.364357e-03	-1.054894e-03	6.183782e-04	8.624486e-04	-2.533957e-02	9.424902e-02	7.983115e-05	-2.836441e-04	-7.438520e-03	6.081500e-03	5.629241e-04	1.291121e+02	1.002929e+02	
8.300000e+01	-8.090069e-02	9.711317e-02	4.636120e-02	1.345692e-03	-1.071870e-03	5.155061e-04	8.235548e-04	-2.187926e-02	9.063984e-02	1.144645e-04	-2.458473e-04	-7.961596e-03	6.117169e-03	8.502149e-04	1.269352e+02	9.935288e+01	
8.400000e+01	-7.313810e-02	9.184226e-02	4.941792e-02	1.315921e-03	-1.066809e-03	4.504917e-04	7.817046e-04	-1.944209e-02	8.610063e-02	1.325397e-04	-2.101548e-04	-8.374846e-03	6.136670e-03	1.040486e-03	1.250409e+02	9.877927e+01	
8.500000e+01	-6.723508e-02	8.742840e-02	4.747420e-02	1.272715e-03	-1.026855e-03	4.366044e-04	7.448968e-04	-1.825370e-02	8.025682e-02	1.334783e-04	-1.791228e-04	-8.551755e-03	6.203580e-03	1.111621e-03	1.240518e+02	9.874397e+01	
8.600000e+01	-6.271604e-02	8.346799e-02	4.226885e-02	1.246689e-03	-9.486418e-04	4.223021e-04	7.006612e-04	-1.798564e-02	7.346070e-02	9.468208e-05	-1.965921e-04	-8.422191e-03	6.220581e-03	8.406025e-04	1.238350e+02	9.918832e+01	
8.700000e+01	-5.889700e-02	7.914389e-02	3.600529e-02	1.179339e-03	-8.783952e-04	4.593980e-04	6.742394e-04	-1.810027e-02	6.661545e-02	7.629968e-05	-1.676015e-04	-8.364154e-03	6.420165e-03	7.265321e-04	1.241127e+02	9.992465e+01	
8.800000e+01	-5.528452e-02	7.401307e-02	2.998748e-02	1.092778e-03	-8.038583e-04	4.834332e-04	6.403376e-04	-1.825461e-02	6.018634e-02	6.015104e-05	-1.404373e-04	-8.276403e-03	6.592819e-03	6.193060e-04	1.246946e+02	1.008330e+02	
8.900000e+01	-5.134835e-02	6.862120e-02	2.403394e-02	9.993505e-04	-7.194882e-04	4.937611e-04	5.923719e-04	-1.838142e-02	5.363214e-02	4.817213e-05	-1.147939e-04	-8.083039e-03	6.654960e-03	5.411864e-04	1.252307e+02	1.019176e+02	
9.000000e+01	-4.677062e-02	6.332663e-02	1.806464e-02	9.083738e-04	-6.223812e-04	4.918441e-04	5.276765e-04	-1.843337e-02	4.662653e-02	4.076685e-05	-9.018080e-05	-7.705427e-03	6.532929e-03	5.047164e-04	1.253835e+02	1.031921e+02	
9.100000e+01	-4.217634e-02	5.776814e-02	1.217498e-02	8.109044e-04	-5.275155e-04	4.884455e-04	4.634795e-04	-1.819268e-02	3.995123e-02	3.306819e-05	-6.731586e-05	-7.270557e-03	6.387972e-03	4.557670e-04	1.255422e+02	1.045215e+02	
9.200000e+01	-3.832077e-02	5.142626e-02	6.209708e-03	6.853995e-04	-4.552446e-04	4.998698e-04	4.229785e-04	-1.739283e-02	3.470636e-02	2.108864e-05	-4.652331e-05	-7.065318e-03	6.564553e-03	3.272921e-04	1.264936e+02	1.056604e+02	
9.300000e+01	-3.476469e-02	4.450048e-02	-4.444959e-04	5.196181e-04	-4.079918e-04	5.288929e-04	4.102263e-04	-1.595558e-02	3.089015e-02	7.109321e-06	-2.793420e-05	-7.224689e-03	7.264257e-03	1.258913e-04	1.279963e+02	1.064119e+02	
9.400000e+01	-3.023071e-02	3.764934e-02	-6.446967e-03	3.463890e-04	-3.704325e-04	5.352074e-04	4.026188e-04	-1.415667e-02	2.747813e-02	-1.186720e-07	-1.237391e-05	-7.604427e-03	8.265162e-03	-2.436160e-06	1.283594e+02	1.068948e+02	
9.500000e+01	-2.536724e-02	3.116282e-02	-9.153593e-03	2.643227e-04	-3.282508e-04	4.986244e-04	3.756792e-04	-1.218768e-02	2.405713e-02	-3.940215e-05	-4.109364e-05	-7.964985e-03	9.115832e-03	-9.560906e-04	1.279908e+02	1.072015e+02	
9.600000e+01	-2.141446e-02	2.514065e-02	-8.329356e-03	1.962485e-04	-3.109830e-04	4.414280e-04	3.565602e-04	-1.013331e-02	2.062215e-02	-2.238067e-05	-2.064933e-05	-9.130739e-03	1.046892e-02	-6.571164e-04	1.289578e+02	1.073089e+02	
9.700000e+01	-1.801887e-02	1.974748e-02	-5.775943e-03	1.683774e-04	-2.882535e-04	3.698801e-04	3.218543e-04	-8.097745e-03	1.710168e-02	-1.036727e-05	-4.341208e-06	-1.053956e-02	1.176812e-02	-3.790639e-04	1.312110e+02	1.072225e+02	
9.800000e+01	-1.458975e-02	1.518479e-02	-2.809171e-03	1.591038e-04	-2.566106e-04	2.977109e-04	2.742183e-04	-6.139072e-03	1.353012e-02	-7.790645e-06	7.375266e-06	-1.207890e-02	1.290771e-02	-3.667130e-04	1.333737e+02	1.067965e+02	
9.900000e+01	-1.094910e-02	1.151030e-02	-2.373188e-04	1.571056e-04	-2.166313e-04	2.311400e-04	2.182690e-04	-4.312156e-03	1.006700e-02	-1.523412e-05	1.433629e-05	-1.363497e-02	1.373804e-02	-9.588491e-04	1.335626e+02	1.057483e+02	
1.000000e+02	-7.263849e-03	8.883220e-03	1.328430e-03	1.617979e-04	-1.678637e-04	1.756965e-04	1.574950e-04	-2.761106e-03	6.848687e-03	-3.242195e-05	1.580165e-05	-1.453162e-02	1.363403e-02	-2.806703e-03	1.289629e+02	1.038289e+02	
