FQuads	FAdd	FRet	Faext	QuadsBMom	AddBMom	RetBMom	
0.000000e+00	-8.445226e-02	0.000000e+00	0.000000e+00	0.000000e+00	-1.742825e-04	0.000000e+00	
0.000000e+00	-1.835110e-01	0.000000e+00	0.000000e+00	0.000000e+00	-3.787080e-04	0.000000e+00	
0.000000e+00	-2.847281e-01	0.000000e+00	0.000000e+00	0.000000e+00	-5.875879e-04	0.000000e+00	
0.000000e+00	-3.864479e-01	0.000000e+00	0.000000e+00	0.000000e+00	-7.975051e-04	0.000000e+00	
0.000000e+00	-4.875194e-01	0.000000e+00	0.000000e+00	0.000000e+00	-1.006084e-03	0.000000e+00	
0.000000e+00	-5.870626e-01	0.000000e+00	0.000000e+00	0.000000e+00	-1.211510e-03	0.000000e+00	
0.000000e+00	-6.850065e-01	0.000000e+00	0.000000e+00	0.000000e+00	-1.413635e-03	0.000000e+00	
0.000000e+00	-7.820597e-01	0.000000e+00	0.000000e+00	0.000000e+00	-1.613921e-03	0.000000e+00	
0.000000e+00	-8.788098e-01	0.000000e+00	0.000000e+00	0.000000e+00	-1.813583e-03	0.000000e+00	
0.000000e+00	-9.758951e-01	0.000000e+00	0.000000e+00	0.000000e+00	-2.013936e-03	0.000000e+00	
0.000000e+00	-1.073594e+00	0.000000e+00	0.000000e+00	0.000000e+00	-2.215556e-03	0.000000e+00	
0.000000e+00	-1.171113e+00	0.000000e+00	0.000000e+00	0.000000e+00	-2.416802e-03	0.000000e+00	
0.000000e+00	-1.267143e+00	0.000000e+00	0.000000e+00	0.000000e+00	-2.614978e-03	0.000000e+00	
0.000000e+00	-1.360120e+00	0.000000e+00	0.000000e+00	0.000000e+00	-2.806854e-03	0.000000e+00	
0.000000e+00	-1.447725e+00	0.000000e+00	0.000000e+00	0.000000e+00	-2.987643e-03	0.000000e+00	
0.000000e+00	-1.527601e+00	1.579247e-02	0.000000e+00	0.000000e+00	-3.152482e-03	4.551641e-06	
0.000000e+00	-1.597818e+00	4.856670e-02	0.000000e+00	0.000000e+00	-3.297385e-03	1.399770e-05	
0.000000e+00	-1.656792e+00	8.005148e-02	0.000000e+00	0.000000e+00	-3.419091e-03	2.307211e-05	
0.000000e+00	-1.703993e+00	1.085792e-01	2.003583e-02	0.000000e+00	-3.516497e-03	3.129427e-05	
0.000000e+00	-1.739728e+00	1.330195e-01	3.786101e-02	0.000000e+00	-3.590242e-03	3.833833e-05	
0.000000e+00	-1.764313e+00	1.530797e-01	5.221907e-02	0.000000e+00	-3.640979e-03	4.412003e-05	
0.000000e+00	-1.778416e+00	1.687648e-01	6.327905e-02	0.000000e+00	-3.670083e-03	4.864071e-05	
0.000000e+00	-1.782872e+00	1.801107e-01	7.132742e-02	0.000000e+00	-3.679278e-03	5.191077e-05	
0.000000e+00	-1.777994e+00	1.871384e-01	7.648906e-02	0.000000e+00	-3.669212e-03	5.393628e-05	
0.000000e+00	-1.764300e+00	1.901516e-01	7.897088e-02	0.000000e+00	-3.640952e-03	5.480472e-05	
0.000000e+00	-1.742510e+00	1.896341e-01	7.902894e-02	0.000000e+00	-3.595984e-03	5.465558e-05	
0.000000e+00	-1.713368e+00	1.859891e-01	7.675586e-02	0.000000e+00	-3.535845e-03	5.360502e-05	
0.000000e+00	-1.678466e+00	1.793619e-01	7.210037e-02	0.000000e+00	-3.463818e-03	5.169497e-05	
0.000000e+00	-1.639387e+00	1.700136e-01	6.506402e-02	0.000000e+00	-3.383171e-03	4.900064e-05	
0.000000e+00	-1.597198e+00	1.583140e-01	5.568114e-02	0.000000e+00	-3.296106e-03	4.562864e-05	
0.000000e+00	-1.553186e+00	1.451818e-01	4.441111e-02	0.000000e+00	-3.205281e-03	4.184370e-05	
0.000000e+00	-1.508610e+00	1.318462e-01	3.190505e-02	0.000000e+00	-3.113289e-03	3.800017e-05	
0.000000e+00	-1.464205e+00	1.192302e-01	1.861467e-02	0.000000e+00	-3.021651e-03	3.436406e-05	
0.000000e+00	-1.420781e+00	1.080181e-01	4.989120e-03	0.000000e+00	-2.932039e-03	3.113254e-05	
0.000000e+00	-1.378617e+00	9.816202e-02	0.000000e+00	0.000000e+00	-2.845026e-03	2.829186e-05	
0.000000e+00	-1.337474e+00	8.937807e-02	0.000000e+00	0.000000e+00	-2.760119e-03	2.576019e-05	
0.000000e+00	-1.297412e+00	8.151210e-02	0.000000e+00	0.000000e+00	-2.677444e-03	2.349309e-05	
0.000000e+00	-1.258861e+00	7.454678e-02	0.000000e+00	0.000000e+00	-2.597887e-03	2.148557e-05	
0.000000e+00	-1.222623e+00	6.863186e-02	0.000000e+00	0.000000e+00	-2.523103e-03	1.978080e-05	
0.000000e+00	-1.189528e+00	6.394114e-02	0.000000e+00	0.000000e+00	-2.454806e-03	1.842886e-05	
0.000000e+00	-1.160100e+00	6.050712e-02	0.000000e+00	0.000000e+00	-2.394077e-03	1.743912e-05	
0.000000e+00	-1.134016e+00	5.818763e-02	0.000000e+00	0.000000e+00	-2.340248e-03	1.677060e-05	
0.000000e+00	-1.111030e+00	5.692971e-02	0.000000e+00	0.000000e+00	-2.292812e-03	1.640805e-05	
0.000000e+00	-1.090973e+00	5.671936e-02	0.000000e+00	0.000000e+00	-2.251420e-03	1.634742e-05	
0.000000e+00	-1.073806e+00	5.753623e-02	0.000000e+00	0.000000e+00	-2.215993e-03	1.658286e-05	
0.000000e+00	-1.060255e+00	5.934028e-02	0.000000e+00	0.000000e+00	-2.188028e-03	1.710282e-05	
0.000000e+00	-1.050793e+00	6.196622e-02	0.000000e+00	0.000000e+00	-2.168501e-03	1.785965e-05	
0.000000e+00	-1.045502e+00	6.525349e-02	0.000000e+00	0.000000e+00	-2.157582e-03	1.880710e-05	
0.000000e+00	-1.048101e+00	7.072132e-02	0.000000e+00	0.000000e+00	-2.162947e-03	2.038301e-05	
0.000000e+00	-1.051580e+00	7.717064e-02	0.000000e+00	0.000000e+00	-2.170126e-03	2.224181e-05	
0.000000e+00	-1.059144e+00	8.665958e-02	0.000000e+00	0.000000e+00	-2.185735e-03	2.497667e-05	
0.000000e+00	-1.070349e+00	9.990926e-02	0.000000e+00	0.000000e+00	-2.208860e-03	2.879544e-05	
0.000000e+00	-1.083070e+00	1.164252e-01	0.000000e+00	0.000000e+00	-2.235110e-03	3.355561e-05	
0.000000e+00	-1.094715e+00	1.353644e-01	0.000000e+00	0.000000e+00	-2.259141e-03	3.901417e-05	
0.000000e+00	-1.103223e+00	1.559247e-01	0.000000e+00	0.000000e+00	-2.276699e-03	4.494000e-05	
0.000000e+00	-1.107134e+00	1.775922e-01	0.000000e+00	0.000000e+00	-2.284771e-03	5.118490e-05	
0.000000e+00	-1.105760e+00	2.002402e-01	0.000000e+00	0.000000e+00	-2.281935e-03	5.771243e-05	
0.000000e+00	-1.098957e+00	2.237425e-01	0.000000e+00	0.000000e+00	-2.267897e-03	6.448615e-05	
0.000000e+00	-1.086385e+00	2.476982e-01	0.000000e+00	0.000000e+00	-2.241952e-03	7.139058e-05	
0.000000e+00	-1.066820e+00	2.709023e-01	0.000000e+00	0.000000e+00	-2.201575e-03	7.807836e-05	
0.000000e+00	-1.041905e+00	2.927915e-01	0.000000e+00	0.000000e+00	-2.150160e-03	8.438717e-05	
0.000000e+00	-1.005374e+00	3.105066e-01	0.000000e+00	0.000000e+00	-2.074770e-03	8.949297e-05	
0.000000e+00	-9.601140e-01	3.241213e-01	0.000000e+00	0.000000e+00	-1.981369e-03	9.341692e-05	
0.000000e+00	-9.081784e-01	3.338099e-01	0.000000e+00	0.000000e+00	-1.874190e-03	9.620934e-05	
0.000000e+00	-8.513280e-01	3.398592e-01	0.000000e+00	0.000000e+00	-1.756869e-03	9.795285e-05	
0.000000e+00	-7.911764e-01	3.426849e-01	0.000000e+00	0.000000e+00	-1.632736e-03	9.876725e-05	
0.000000e+00	-7.292708e-01	3.430332e-01	0.000000e+00	0.000000e+00	-1.504982e-03	9.886766e-05	
0.000000e+00	-6.666063e-01	3.414138e-01	0.000000e+00	0.000000e+00	-1.375663e-03	9.840092e-05	
0.000000e+00	-6.041654e-01	3.380352e-01	0.000000e+00	0.000000e+00	-1.246805e-03	9.742713e-05	
0.000000e+00	-5.431633e-01	3.328229e-01	0.000000e+00	0.000000e+00	-1.120916e-03	9.592487e-05	
0.000000e+00	-4.845235e-01	3.252162e-01	0.000000e+00	0.000000e+00	-9.999018e-04	9.373249e-05	
0.000000e+00	-4.291742e-01	3.149236e-01	0.000000e+00	0.000000e+00	-8.856786e-04	9.076601e-05	
0.000000e+00	-3.780544e-01	3.020558e-01	0.000000e+00	0.000000e+00	-7.801836e-04	8.705730e-05	
0.000000e+00	-3.317315e-01	2.866296e-01	0.000000e+00	0.000000e+00	-6.845879e-04	8.261122e-05	
0.000000e+00	-2.908325e-01	2.687147e-01	0.000000e+00	0.000000e+00	-6.001855e-04	7.744787e-05	
0.000000e+00	-2.560791e-01	2.485249e-01	0.000000e+00	0.000000e+00	-5.284654e-04	7.162885e-05	
0.000000e+00	-2.279511e-01	2.261789e-01	0.000000e+00	0.000000e+00	-4.704182e-04	6.518836e-05	
0.000000e+00	-2.067505e-01	2.021196e-01	0.000000e+00	0.000000e+00	-4.266670e-04	5.825409e-05	
0.000000e+00	-1.925537e-01	1.770319e-01	0.000000e+00	0.000000e+00	-3.973693e-04	5.102342e-05	
0.000000e+00	-1.850510e-01	1.515147e-01	0.000000e+00	0.000000e+00	-3.818861e-04	4.366896e-05	
0.000000e+00	-1.839047e-01	1.263925e-01	0.000000e+00	0.000000e+00	-3.795205e-04	3.642833e-05	
0.000000e+00	-1.887627e-01	1.024839e-01	0.000000e+00	0.000000e+00	-3.895459e-04	2.953751e-05	
0.000000e+00	-1.989888e-01	8.017080e-02	0.000000e+00	0.000000e+00	-4.106493e-04	2.310650e-05	
0.000000e+00	-2.137140e-01	5.977170e-02	0.000000e+00	0.000000e+00	-4.410374e-04	1.722716e-05	
0.000000e+00	-2.319216e-01	4.155280e-02	0.000000e+00	0.000000e+00	-4.786122e-04	1.197618e-05	
0.000000e+00	-2.526900e-01	2.540786e-02	0.000000e+00	0.000000e+00	-5.214716e-04	7.322950e-06	
0.000000e+00	-2.892967e-01	2.089734e-02	0.000000e+00	0.000000e+00	-5.970160e-04	6.022947e-06	
0.000000e+00	-3.125843e-01	7.263287e-03	0.000000e+00	0.000000e+00	-6.450743e-04	2.093395e-06	
0.000000e+00	-3.378705e-01	0.000000e+00	0.000000e+00	0.000000e+00	-6.972568e-04	0.000000e+00	
0.000000e+00	-3.648337e-01	0.000000e+00	0.000000e+00	0.000000e+00	-7.529003e-04	0.000000e+00	
0.000000e+00	-3.930385e-01	0.000000e+00	0.000000e+00	0.000000e+00	-8.111059e-04	0.000000e+00	
0.000000e+00	-4.220670e-01	0.000000e+00	0.000000e+00	0.000000e+00	-8.710116e-04	0.000000e+00	
0.000000e+00	-4.514558e-01	0.000000e+00	0.000000e+00	0.000000e+00	-9.316607e-04	0.000000e+00	
0.000000e+00	-4.805210e-01	0.000000e+00	0.000000e+00	0.000000e+00	-9.916419e-04	0.000000e+00	
0.000000e+00	-5.082612e-01	0.000000e+00	0.000000e+00	0.000000e+00	-1.048889e-03	0.000000e+00	
0.000000e+00	-5.336698e-01	0.000000e+00	0.000000e+00	0.000000e+00	-1.101324e-03	0.000000e+00	
0.000000e+00	-5.937870e-01	0.000000e+00	0.000000e+00	0.000000e+00	-1.225387e-03	0.000000e+00	
0.000000e+00	-6.140466e-01	0.000000e+00	0.000000e+00	0.000000e+00	-1.267196e-03	0.000000e+00	
0.000000e+00	-6.291187e-01	0.000000e+00	0.000000e+00	0.000000e+00	-1.298300e-03	0.000000e+00	
0.000000e+00	-6.383317e-01	0.000000e+00	0.000000e+00	0.000000e+00	-1.317313e-03	0.000000e+00	
0.000000e+00	-6.412155e-01	0.000000e+00	0.000000e+00	0.000000e+00	-1.323264e-03	0.000000e+00	
