StressAxial	StressAP	StressDV	NetBendFemMag	NetBendFemAng	PeakTensStress	PeakCompStress	FemShear	
-1.749737e+06	-4.063060e+05	1.490983e+07	1.491536e+07	-8.843906e+01	1.316562e+07	-1.666510e+07	-3.026567e+05	
-1.737363e+06	-4.491559e+05	1.475160e+07	1.475844e+07	-8.825603e+01	1.302108e+07	-1.649580e+07	-1.455809e+05	
-1.732173e+06	-4.672813e+05	1.468652e+07	1.469395e+07	-8.817767e+01	1.296178e+07	-1.642612e+07	-2.814148e+04	
-1.734096e+06	-4.663158e+05	1.470344e+07	1.471084e+07	-8.818352e+01	1.297674e+07	-1.644493e+07	5.060835e+04	
-1.742233e+06	-4.497838e+05	1.478395e+07	1.479079e+07	-8.825741e+01	1.304855e+07	-1.653302e+07	9.211331e+04	
-1.755334e+06	-4.201418e+05	1.490712e+07	1.491304e+07	-8.838564e+01	1.315771e+07	-1.666837e+07	9.826994e+04	
-1.772094e+06	-3.792038e+05	1.505252e+07	1.505729e+07	-8.855694e+01	1.328520e+07	-1.682939e+07	7.077444e+04	
-1.790951e+06	-3.279994e+05	1.519817e+07	1.520171e+07	-8.876369e+01	1.341075e+07	-1.699266e+07	1.026478e+04	
-1.810051e+06	-2.670521e+05	1.532020e+07	1.532253e+07	-8.900139e+01	1.351248e+07	-1.713258e+07	-8.334281e+04	
-1.827581e+06	-1.969633e+05	1.539605e+07	1.539731e+07	-8.926708e+01	1.356973e+07	-1.722489e+07	-2.102182e+05	
-1.841990e+06	-1.188178e+05	1.540689e+07	1.540735e+07	-8.955818e+01	1.356536e+07	-1.724934e+07	-3.696057e+05	
-1.852056e+06	-3.497737e+04	1.533944e+07	1.533948e+07	-8.986939e+01	1.348742e+07	-1.719153e+07	-5.562811e+05	
-1.857508e+06	5.689014e+04	1.518499e+07	1.518510e+07	8.978538e+01	1.332759e+07	-1.704261e+07	-7.636314e+05	
-1.858999e+06	1.621818e+05	1.494091e+07	1.494179e+07	8.937812e+01	1.308279e+07	-1.680078e+07	-9.847688e+05	
-1.854489e+06	2.633380e+05	1.461011e+07	1.461248e+07	8.896742e+01	1.275799e+07	-1.646697e+07	-1.212819e+06	
-1.844011e+06	3.579468e+05	1.419834e+07	1.420285e+07	8.855588e+01	1.235884e+07	-1.604686e+07	-1.442907e+06	
-1.827804e+06	4.443319e+05	1.371440e+07	1.372160e+07	8.814436e+01	1.189379e+07	-1.554940e+07	-1.671911e+06	
-1.806470e+06	5.203238e+05	1.317122e+07	1.318149e+07	8.773776e+01	1.137502e+07	-1.498796e+07	-1.895700e+06	
-1.780848e+06	5.835507e+05	1.258476e+07	1.259828e+07	8.734515e+01	1.081743e+07	-1.437913e+07	-2.109293e+06	
-1.751839e+06	6.319238e+05	1.197182e+07	1.198848e+07	8.697852e+01	1.023664e+07	-1.374032e+07	-2.307169e+06	
-1.720216e+06	6.642392e+05	1.134580e+07	1.136523e+07	8.664948e+01	9.645011e+06	-1.308544e+07	-2.482983e+06	
-1.686708e+06	6.802352e+05	1.071817e+07	1.073973e+07	8.636859e+01	9.053026e+06	-1.242644e+07	-2.631372e+06	
-1.651895e+06	6.807288e+05	1.009854e+07	1.012146e+07	8.614363e+01	8.469562e+06	-1.177335e+07	-2.749081e+06	
-1.616087e+06	6.675325e+05	9.493027e+06	9.516468e+06	8.597772e+01	7.900382e+06	-1.113256e+07	-2.834928e+06	
-1.579177e+06	6.430602e+05	8.900999e+06	8.924198e+06	8.586783e+01	7.345021e+06	-1.050338e+07	-2.891447e+06	
-1.540520e+06	6.098565e+05	8.312776e+06	8.335116e+06	8.580411e+01	6.794597e+06	-9.875636e+06	-2.925566e+06	
-1.499379e+06	5.700565e+05	7.717185e+06	7.738211e+06	8.577535e+01	6.238831e+06	-9.237590e+06	-2.943869e+06	
-1.455061e+06	5.252137e+05	7.103126e+06	7.122517e+06	8.577121e+01	5.667456e+06	-8.577577e+06	-2.951891e+06	
-1.407191e+06	4.759159e+05	6.462799e+06	6.480299e+06	8.578841e+01	5.073108e+06	-7.887489e+06	-2.953480e+06	
-1.356489e+06	4.214665e+05	5.804372e+06	5.819653e+06	8.584696e+01	4.463164e+06	-7.176142e+06	-2.948159e+06	
-1.304113e+06	3.609259e+05	5.144010e+06	5.156657e+06	8.598649e+01	3.852544e+06	-6.460769e+06	-2.933421e+06	
-1.251211e+06	2.934523e+05	4.498692e+06	4.508253e+06	8.626788e+01	3.257042e+06	-5.759464e+06	-2.906618e+06	
-1.199023e+06	2.181266e+05	3.886535e+06	3.892651e+06	8.678775e+01	2.693628e+06	-5.091674e+06	-2.865026e+06	
-1.148433e+06	1.345950e+05	3.320931e+06	3.323658e+06	8.767914e+01	2.175225e+06	-4.472091e+06	-2.806699e+06	
-1.099444e+06	4.370304e+04	2.802891e+06	2.803232e+06	8.910674e+01	1.703788e+06	-3.902675e+06	-2.731424e+06	
-1.051911e+06	-5.323886e+04	2.331407e+06	2.332015e+06	-8.869188e+01	1.280104e+06	-3.383926e+06	-2.639962e+06	
-1.005714e+06	-1.546490e+05	1.905400e+06	1.911666e+06	-8.535987e+01	9.059513e+05	-2.917380e+06	-2.533775e+06	
-9.613791e+05	-2.530576e+05	1.523247e+06	1.544124e+06	-8.056761e+01	5.827452e+05	-2.505503e+06	-2.415009e+06	
-9.185306e+05	-3.482473e+05	1.185178e+06	1.235282e+06	-7.362537e+01	3.167519e+05	-2.153813e+06	-2.285679e+06	
-8.766649e+05	-4.426673e+05	8.926405e+05	9.963741e+05	-6.362285e+01	1.197092e+05	-1.873039e+06	-2.147700e+06	
-8.358411e+05	-5.349909e+05	6.456989e+05	8.385358e+05	-5.035673e+01	2.694787e+03	-1.674377e+06	-2.003300e+06	
-7.960032e+05	-6.237263e+05	4.422195e+05	7.645866e+05	-3.533650e+01	-3.141663e+04	-1.560590e+06	-1.855003e+06	
-7.572079e+05	-7.071687e+05	2.803757e+05	7.607221e+05	-2.162717e+01	3.514163e+03	-1.517930e+06	-1.705415e+06	
-7.199890e+05	-7.835722e+05	1.626830e+05	8.002819e+05	-1.172896e+01	8.029293e+04	-1.520271e+06	-1.556684e+06	
-6.848306e+05	-8.518862e+05	8.976852e+04	8.566028e+05	-6.015414e+00	1.717722e+05	-1.541433e+06	-1.410655e+06	
-6.519567e+05	-9.116215e+05	5.879337e+04	9.135154e+05	-3.690078e+00	2.615587e+05	-1.565472e+06	-1.268968e+06	
-6.214006e+05	-9.630273e+05	6.432054e+04	9.651729e+05	-3.821108e+00	3.437723e+05	-1.586573e+06	-1.132819e+06	
-5.929998e+05	-1.006643e+06	9.716972e+04	1.011322e+06	-5.513594e+00	4.183222e+05	-1.604322e+06	-1.003142e+06	
-5.664746e+05	-1.042794e+06	1.462793e+05	1.053004e+06	-7.985141e+00	4.865290e+05	-1.619478e+06	-8.807739e+05	
-5.415302e+05	-1.071825e+06	2.015966e+05	1.090619e+06	-1.065216e+01	5.490893e+05	-1.632150e+06	-7.661552e+05	
-5.189505e+05	-1.097781e+06	2.758142e+05	1.131900e+06	-1.410347e+01	6.129495e+05	-1.650851e+06	-6.572857e+05	
-4.966677e+05	-1.114334e+06	3.209161e+05	1.159624e+06	-1.606583e+01	6.629565e+05	-1.656292e+06	-5.579547e+05	
-4.754393e+05	-1.127350e+06	3.531615e+05	1.181373e+06	-1.739405e+01	7.059336e+05	-1.656812e+06	-4.656694e+05	
-4.549719e+05	-1.138346e+06	3.678751e+05	1.196312e+06	-1.790910e+01	7.413405e+05	-1.651284e+06	-3.800315e+05	
-4.350916e+05	-1.148879e+06	3.623303e+05	1.204660e+06	-1.750409e+01	7.695685e+05	-1.639752e+06	-3.002048e+05	
-4.157320e+05	-1.160511e+06	3.355775e+05	1.208055e+06	-1.612795e+01	7.923232e+05	-1.623787e+06	-2.250333e+05	
-3.968907e+05	-1.174389e+06	2.887004e+05	1.209354e+06	-1.381117e+01	8.124636e+05	-1.606245e+06	-1.532987e+05	
-3.786344e+05	-1.191367e+06	2.247431e+05	1.212380e+06	-1.068292e+01	8.337453e+05	-1.591014e+06	-8.382668e+04	
-3.620645e+05	-1.211965e+06	1.615883e+05	1.222690e+06	-7.594322e+00	8.606251e+05	-1.584754e+06	-1.542412e+04	
-3.452774e+05	-1.237503e+06	7.476315e+04	1.239760e+06	-3.457296e+00	8.944821e+05	-1.585037e+06	5.228985e+04	
-3.292498e+05	-1.267586e+06	-1.797627e+04	1.267713e+06	8.124862e-01	9.384633e+05	-1.596963e+06	1.199123e+05	
-3.139044e+05	-1.301446e+06	-1.140930e+05	1.306437e+06	5.010107e+00	9.925328e+05	-1.620341e+06	1.876415e+05	
-2.992218e+05	-1.338114e+06	-2.109528e+05	1.354640e+06	8.958914e+00	1.055418e+06	-1.653862e+06	2.554578e+05	
-2.851452e+05	-1.376258e+06	-3.066158e+05	1.410000e+06	1.255978e+01	1.124855e+06	-1.695145e+06	3.228685e+05	
-2.714916e+05	-1.414054e+06	-4.004242e+05	1.469656e+06	1.581078e+01	1.198164e+06	-1.741147e+06	3.890222e+05	
-2.581331e+05	-1.449687e+06	-4.912794e+05	1.530669e+06	1.872083e+01	1.272536e+06	-1.788802e+06	4.529564e+05	
-2.451147e+05	-1.481672e+06	-5.770135e+05	1.590062e+06	2.127764e+01	1.344947e+06	-1.835177e+06	5.136961e+05	
-2.325404e+05	-1.508467e+06	-6.557529e+05	1.644835e+06	2.349531e+01	1.412295e+06	-1.877376e+06	5.701257e+05	
-2.205285e+05	-1.528689e+06	-7.263016e+05	1.692455e+06	2.541305e+01	1.471927e+06	-1.912984e+06	6.213685e+05	
-2.092445e+05	-1.541667e+06	-7.878052e+05	1.731293e+06	2.706743e+01	1.522049e+06	-1.940537e+06	6.670333e+05	
-1.985829e+05	-1.547680e+06	-8.386720e+05	1.760308e+06	2.845283e+01	1.561725e+06	-1.958891e+06	7.072407e+05	
-1.882034e+05	-1.547083e+06	-8.776851e+05	1.778707e+06	2.956695e+01	1.590503e+06	-1.966910e+06	7.420658e+05	
-1.776870e+05	-1.540124e+06	-9.042244e+05	1.785946e+06	3.041769e+01	1.608259e+06	-1.963633e+06	7.714466e+05	
-1.666449e+05	-1.527230e+06	-9.177243e+05	1.781755e+06	3.100199e+01	1.615110e+06	-1.948400e+06	7.952468e+05	
-1.547642e+05	-1.508692e+06	-9.196701e+05	1.766902e+06	3.136571e+01	1.612138e+06	-1.921667e+06	8.135022e+05	
-1.418361e+05	-1.484375e+06	-9.151536e+05	1.743811e+06	3.165486e+01	1.601975e+06	-1.885647e+06	8.268308e+05	
-1.277421e+05	-1.454276e+06	-9.093933e+05	1.715201e+06	3.201873e+01	1.587459e+06	-1.842943e+06	8.360277e+05	
-1.125249e+05	-1.418755e+06	-9.064606e+05	1.683608e+06	3.257504e+01	1.571083e+06	-1.796133e+06	8.420858e+05	
-9.633244e+04	-1.378148e+06	-9.094977e+05	1.651205e+06	3.342251e+01	1.554873e+06	-1.747537e+06	8.458051e+05	
-7.936167e+04	-1.332567e+06	-9.203344e+05	1.619491e+06	3.463082e+01	1.540129e+06	-1.698853e+06	8.472415e+05	
-6.694789e+04	-1.282286e+06	-8.637301e+05	1.546056e+06	3.396367e+01	1.479108e+06	-1.613004e+06	8.462928e+05	
-6.473583e+04	-1.227863e+06	-6.597053e+05	1.393865e+06	2.824822e+01	1.329129e+06	-1.458601e+06	8.431114e+05	
-6.222654e+04	-1.169726e+06	-4.687809e+05	1.260164e+06	2.183902e+01	1.197938e+06	-1.322391e+06	8.378303e+05	
-5.946217e+04	-1.108222e+06	-2.924461e+05	1.146159e+06	1.478266e+01	1.086697e+06	-1.205622e+06	8.302725e+05	
-5.649077e+04	-1.044009e+06	-1.305548e+05	1.052140e+06	7.127917e+00	9.956496e+05	-1.108631e+06	8.196906e+05	
-5.335979e+04	-9.778700e+05	1.714609e+04	9.780203e+05	-1.004529e+00	9.246605e+05	-1.031380e+06	8.053362e+05	
-5.011059e+04	-9.103201e+05	1.512455e+05	9.227990e+05	-9.433266e+00	8.726884e+05	-9.729095e+05	7.864698e+05	
-4.677975e+04	-8.417648e+05	2.720405e+05	8.846321e+05	-1.790974e+01	8.378524e+05	-9.314119e+05	7.625003e+05	
-4.340644e+04	-7.728642e+05	3.771164e+05	8.599627e+05	-2.600991e+01	8.165563e+05	-9.033692e+05	7.338062e+05	
-4.002862e+04	-7.043532e+05	4.629418e+05	8.428693e+05	-3.331525e+01	8.028407e+05	-8.828979e+05	7.012006e+05	
-3.667877e+04	-6.368152e+05	5.271955e+05	8.267217e+05	-3.962010e+01	7.900429e+05	-8.634005e+05	6.653203e+05	
-3.339134e+04	-5.710257e+05	5.687252e+05	8.059272e+05	-4.488437e+01	7.725359e+05	-8.393185e+05	6.268791e+05	
-3.020278e+04	-5.081703e+05	5.876095e+05	7.768668e+05	-4.914645e+01	7.466640e+05	-8.070696e+05	5.869670e+05	
-2.714012e+04	-4.494314e+05	5.851104e+05	7.377959e+05	-5.247165e+01	7.106558e+05	-7.649360e+05	5.468394e+05	
-2.422817e+04	-3.956193e+05	5.643389e+05	6.891974e+05	-5.496836e+01	6.649692e+05	-7.134255e+05	5.077205e+05	
-2.149692e+04	-3.475479e+05	5.297099e+05	6.335473e+05	-5.673074e+01	6.120503e+05	-6.550442e+05	4.711025e+05	
-1.898581e+04	-3.061089e+05	4.863765e+05	5.746867e+05	-5.781510e+01	5.557009e+05	-5.936725e+05	4.388908e+05	
-1.710125e+04	-2.691019e+05	4.396780e+05	5.154926e+05	-5.853159e+01	4.983913e+05	-5.325938e+05	4.054412e+05	
-1.509588e+04	-2.425092e+05	3.943664e+05	4.629639e+05	-5.841126e+01	4.478680e+05	-4.780598e+05	3.980362e+05	
-1.390917e+04	-2.202137e+05	3.537126e+05	4.166614e+05	-5.809454e+01	4.027522e+05	-4.305705e+05	3.930831e+05	
-1.271029e+04	-2.093612e+05	3.185655e+05	3.812035e+05	-5.668711e+01	3.684932e+05	-3.939138e+05	4.281350e+05	
