StressDVtot	StressDVm	StressDVexternal	StressDVFax	StressAPtot	StressAPm	StressAPexternal	StressAPFax	
4.280393e+06	6.947301e+06	-2.662304e+06	-4.603658e+03	-2.455525e+05	7.089152e+04	-3.169491e+05	5.050673e+02	
5.068846e+06	8.201341e+06	-3.124572e+06	-7.923672e+03	-2.812891e+05	8.048076e+04	-3.626392e+05	8.693061e+02	
5.887978e+06	9.502769e+06	-3.603302e+06	-1.148928e+04	-3.099652e+05	8.797647e+04	-3.992021e+05	1.260489e+03	
6.724463e+06	1.083403e+07	-4.094375e+06	-1.518966e+04	-3.304871e+05	9.307458e+04	-4.252281e+05	1.666458e+03	
7.559018e+06	1.216918e+07	-4.591270e+06	-1.889112e+04	-3.430547e+05	9.582278e+04	-4.409500e+05	2.072545e+03	
8.367737e+06	1.347506e+07	-5.084815e+06	-2.251303e+04	-3.488000e+05	9.650289e+04	-4.477728e+05	2.469904e+03	
9.123713e+06	1.471301e+07	-5.563228e+06	-2.606602e+04	-3.501584e+05	9.574025e+04	-4.487584e+05	2.859704e+03	
9.801309e+06	1.584565e+07	-6.014703e+06	-2.964060e+04	-3.510927e+05	9.456281e+04	-4.489074e+05	3.251870e+03	
1.038029e+07	1.684495e+07	-6.431451e+06	-3.320921e+04	-3.533331e+05	9.342968e+04	-4.504062e+05	3.643382e+03	
1.084937e+07	1.769788e+07	-6.811905e+06	-3.660768e+04	-3.565278e+05	9.230028e+04	-4.528443e+05	4.016229e+03	
1.120386e+07	1.840140e+07	-7.157853e+06	-3.968674e+04	-3.601116e+05	9.109993e+04	-4.555655e+05	4.354032e+03	
1.144482e+07	1.895904e+07	-7.471926e+06	-4.229755e+04	-3.634615e+05	8.977767e+04	-4.578797e+05	4.640465e+03	
1.158342e+07	1.938606e+07	-7.758331e+06	-4.430332e+04	-3.672246e+05	8.863103e+04	-4.607161e+05	4.860517e+03	
1.163544e+07	1.970337e+07	-8.022356e+06	-4.557480e+04	-3.718608e+05	8.789135e+04	-4.647522e+05	5.000011e+03	
1.161501e+07	1.992978e+07	-8.268744e+06	-4.602549e+04	-3.771931e+05	8.757849e+04	-4.698211e+05	5.049457e+03	
1.153241e+07	2.007978e+07	-8.501569e+06	-4.580334e+04	-3.824414e+05	8.744882e+04	-4.749153e+05	5.025084e+03	
1.139548e+07	2.016383e+07	-8.723230e+06	-4.511692e+04	-3.859889e+05	8.707151e+04	-4.780102e+05	4.949777e+03	
1.121048e+07	2.018946e+07	-8.934792e+06	-4.419043e+04	-3.864788e+05	8.610869e+04	-4.774357e+05	4.848132e+03	
1.098416e+07	2.016195e+07	-9.134449e+06	-4.334264e+04	-3.862581e+05	8.500221e+04	-4.760155e+05	4.755120e+03	
1.072064e+07	2.008083e+07	-9.317259e+06	-4.293017e+04	-3.891895e+05	8.446167e+04	-4.783611e+05	4.709868e+03	
1.042525e+07	1.994738e+07	-9.478821e+06	-4.331130e+04	-4.001406e+05	8.533911e+04	-4.902314e+05	4.751682e+03	
1.010141e+07	1.976445e+07	-9.618515e+06	-4.452746e+04	-4.209724e+05	8.788582e+04	-5.137433e+05	4.885108e+03	
9.747884e+06	1.953097e+07	-9.736743e+06	-4.634617e+04	-4.505320e+05	9.178349e+04	-5.474001e+05	5.084638e+03	
9.365259e+06	1.924867e+07	-9.834894e+06	-4.852189e+04	-4.877492e+05	9.674780e+04	-5.898203e+05	5.323336e+03	
8.957358e+06	1.892168e+07	-9.913638e+06	-5.068795e+04	-5.316442e+05	1.025367e+05	-6.397419e+05	5.560975e+03	
8.533286e+06	1.855996e+07	-9.974331e+06	-5.234090e+04	-5.815148e+05	1.089793e+05	-6.962363e+05	5.742320e+03	
8.103605e+06	1.817776e+07	-1.002119e+07	-5.296870e+04	-6.365417e+05	1.159109e+05	-7.582637e+05	5.811196e+03	
7.678566e+06	1.778835e+07	-1.005748e+07	-5.230112e+04	-6.941769e+05	1.229518e+05	-8.228667e+05	5.737955e+03	
7.275661e+06	1.741134e+07	-1.008493e+07	-5.074796e+04	-7.502960e+05	1.296175e+05	-8.854810e+05	5.567558e+03	
6.911339e+06	1.706747e+07	-1.010730e+07	-4.882775e+04	-8.014466e+05	1.355840e+05	-9.423875e+05	5.356892e+03	
6.590274e+06	1.676646e+07	-1.012923e+07	-4.695228e+04	-8.452337e+05	1.406097e+05	-9.909945e+05	5.151134e+03	
6.290439e+06	1.649153e+07	-1.015588e+07	-4.521739e+04	-8.829672e+05	1.446912e+05	-1.032619e+06	4.960800e+03	
5.980933e+06	1.621598e+07	-1.019151e+07	-4.353424e+04	-9.164178e+05	1.477703e+05	-1.068964e+06	4.776141e+03	
5.628977e+06	1.590869e+07	-1.023804e+07	-4.166774e+04	-9.468621e+05	1.496790e+05	-1.101112e+06	4.571368e+03	
5.209667e+06	1.554641e+07	-1.029769e+07	-3.904789e+04	-9.761742e+05	1.503560e+05	-1.130814e+06	4.283944e+03	
4.702140e+06	1.510644e+07	-1.036934e+07	-3.495705e+04	-1.006617e+06	1.497365e+05	-1.160189e+06	3.835138e+03	
4.090820e+06	1.456771e+07	-1.044814e+07	-2.874754e+04	-1.041400e+06	1.478275e+05	-1.192381e+06	3.153892e+03	
3.384760e+06	1.393003e+07	-1.052522e+07	-2.005748e+04	-1.084147e+06	1.449117e+05	-1.231259e+06	2.200506e+03	
2.615330e+06	1.320961e+07	-1.058548e+07	-8.801798e+03	-1.137260e+06	1.413873e+05	-1.279613e+06	9.656452e+02	
1.824384e+06	1.242978e+07	-1.061026e+07	4.856416e+03	-1.202255e+06	1.377437e+05	-1.339466e+06	-5.327974e+02	
1.051761e+06	1.161060e+07	-1.057902e+07	2.017552e+04	-1.279471e+06	1.345173e+05	-1.411775e+06	-2.213456e+03	
3.214358e+05	1.076095e+07	-1.047531e+07	3.579044e+04	-1.368596e+06	1.322112e+05	-1.496880e+06	-3.926569e+03	
-3.452043e+05	9.897244e+06	-1.029281e+07	5.035939e+04	-1.469383e+06	1.313673e+05	-1.595225e+06	-5.524928e+03	
-9.265127e+05	9.042917e+06	-1.003232e+07	6.288880e+04	-1.580383e+06	1.323733e+05	-1.705857e+06	-6.899531e+03	
-1.396398e+06	8.228679e+06	-9.698118e+06	7.304160e+04	-1.697486e+06	1.354549e+05	-1.824927e+06	-8.013394e+03	
-1.733777e+06	7.485862e+06	-9.300255e+06	8.061565e+04	-1.815523e+06	1.408087e+05	-1.947487e+06	-8.844343e+03	
-1.930067e+06	6.835494e+06	-8.851130e+06	8.556858e+04	-1.928769e+06	1.484671e+05	-2.067848e+06	-9.387729e+03	
-1.950381e+06	6.308738e+06	-8.347174e+06	8.805496e+04	-2.036605e+06	1.595458e+05	-2.186490e+06	-9.660510e+03	
-1.876033e+06	5.861196e+06	-7.825608e+06	8.837874e+04	-2.127365e+06	1.717425e+05	-2.289411e+06	-9.696031e+03	
-1.688589e+06	5.503479e+06	-7.279034e+06	8.696607e+04	-2.203184e+06	1.860709e+05	-2.379714e+06	-9.541047e+03	
-1.421731e+06	5.219695e+06	-6.725467e+06	8.404106e+04	-2.262269e+06	2.019495e+05	-2.454999e+06	-9.220145e+03	
-1.113560e+06	4.996187e+06	-6.189457e+06	7.970931e+04	-2.304031e+06	2.184191e+05	-2.513705e+06	-8.744908e+03	
-7.944113e+05	4.823815e+06	-5.692366e+06	7.414004e+04	-2.329483e+06	2.345194e+05	-2.555868e+06	-8.133904e+03	
-4.864771e+05	4.690921e+06	-5.245211e+06	6.781272e+04	-2.341072e+06	2.495471e+05	-2.583179e+06	-7.439733e+03	
-2.110207e+05	4.570649e+06	-4.843265e+06	6.159501e+04	-2.341649e+06	2.630288e+05	-2.597920e+06	-6.757588e+03	
1.232765e+04	4.432733e+06	-4.476672e+06	5.626671e+04	-2.334637e+06	2.746542e+05	-2.603119e+06	-6.173020e+03	
1.726758e+05	4.257411e+06	-4.137023e+06	5.228752e+04	-2.323329e+06	2.843402e+05	-2.601932e+06	-5.736464e+03	
2.762302e+05	4.052460e+06	-3.825821e+06	4.959102e+04	-2.309373e+06	2.921823e+05	-2.596115e+06	-5.440630e+03	
3.347962e+05	3.833897e+06	-3.547068e+06	4.796672e+04	-2.294035e+06	2.983948e+05	-2.587168e+06	-5.262429e+03	
3.601704e+05	3.616203e+06	-3.303232e+06	4.720031e+04	-2.278369e+06	3.032334e+05	-2.576424e+06	-5.178346e+03	
3.688189e+05	3.405295e+06	-3.083713e+06	4.723690e+04	-2.262745e+06	3.077274e+05	-2.565290e+06	-5.182360e+03	
3.342896e+05	3.161610e+06	-2.875319e+06	4.799865e+04	-2.249481e+06	3.106334e+05	-2.554848e+06	-5.265932e+03	
2.712668e+05	2.887755e+06	-2.665897e+06	4.940856e+04	-2.237351e+06	3.128814e+05	-2.544812e+06	-5.420613e+03	
1.829067e+05	2.582635e+06	-2.451118e+06	5.139014e+04	-2.224779e+06	3.144481e+05	-2.533589e+06	-5.638012e+03	
7.540743e+04	2.253370e+06	-2.231800e+06	5.383798e+04	-2.210025e+06	3.153174e+05	-2.519436e+06	-5.906565e+03	
-4.661980e+04	1.904493e+06	-2.007781e+06	5.666784e+04	-2.190854e+06	3.153527e+05	-2.499990e+06	-6.217029e+03	
-1.819637e+05	1.532926e+06	-1.774680e+06	5.979015e+04	-2.165851e+06	3.145431e+05	-2.473834e+06	-6.559577e+03	
-3.338911e+05	1.126936e+06	-1.523950e+06	6.312333e+04	-2.134432e+06	3.129895e+05	-2.440496e+06	-6.925261e+03	
-5.079810e+05	6.725089e+05	-1.247096e+06	6.660608e+04	-2.095602e+06	3.106616e+05	-2.398956e+06	-7.307353e+03	
-7.053994e+05	1.672447e+05	-9.427123e+05	7.006822e+04	-2.049086e+06	3.075815e+05	-2.348980e+06	-7.687185e+03	
-5.450414e+05	0.000000e+00	-6.182115e+05	7.317010e+04	-1.995252e+06	3.037476e+05	-2.290973e+06	-8.027492e+03	
-2.075480e+05	0.000000e+00	-2.831569e+05	7.560899e+04	-1.934489e+06	2.991024e+05	-2.225297e+06	-8.295062e+03	
1.271231e+05	0.000000e+00	4.999094e+04	7.713214e+04	-1.867736e+06	2.936972e+05	-2.152971e+06	-8.462167e+03	
4.444847e+05	0.000000e+00	3.668818e+05	7.760293e+04	-1.795682e+06	2.875037e+05	-2.074672e+06	-8.513818e+03	
7.293264e+05	0.000000e+00	6.523718e+05	7.695458e+04	-1.719553e+06	2.805614e+05	-1.991672e+06	-8.442687e+03	
9.694019e+05	0.000000e+00	8.941940e+05	7.520795e+04	-1.641351e+06	2.730759e+05	-1.906176e+06	-8.251064e+03	
1.172381e+06	0.000000e+00	1.099728e+06	7.265312e+04	-1.561366e+06	2.650086e+05	-1.818404e+06	-7.970774e+03	
1.353865e+06	0.000000e+00	1.284240e+06	6.962556e+04	-1.479211e+06	2.562760e+05	-1.727848e+06	-7.638620e+03	
1.528243e+06	0.000000e+00	1.461838e+06	6.640427e+04	-1.394315e+06	2.467422e+05	-1.633772e+06	-7.285212e+03	
1.696637e+06	0.000000e+00	1.633536e+06	6.310122e+04	-1.307319e+06	2.363796e+05	-1.536775e+06	-6.922834e+03	
1.849108e+06	0.000000e+00	1.789414e+06	5.969470e+04	-1.220864e+06	2.255844e+05	-1.439899e+06	-6.549105e+03	
1.977203e+06	0.000000e+00	1.921016e+06	5.618646e+04	-1.137569e+06	2.147959e+05	-1.346201e+06	-6.164217e+03	
2.074800e+06	0.000000e+00	2.022179e+06	5.262118e+04	-1.053068e+06	2.111752e+05	-1.258470e+06	-5.773070e+03	
2.138026e+06	0.000000e+00	2.088946e+06	4.908006e+04	-9.834353e+05	2.016223e+05	-1.179673e+06	-5.384574e+03	
2.165860e+06	0.000000e+00	2.120210e+06	4.565059e+04	-9.234535e+05	1.935611e+05	-1.112006e+06	-5.008326e+03	
2.161387e+06	0.000000e+00	2.119014e+06	4.237265e+04	-8.743134e+05	1.874335e+05	-1.057098e+06	-4.648703e+03	
2.134373e+06	0.000000e+00	2.095154e+06	3.921937e+04	-8.358463e+05	1.834663e+05	-1.015010e+06	-4.302757e+03	
2.094183e+06	0.000000e+00	2.058029e+06	3.615397e+04	-8.067636e+05	1.815712e+05	-9.843683e+05	-3.966452e+03	
2.046943e+06	0.000000e+00	2.013806e+06	3.313789e+04	-7.859191e+05	1.816691e+05	-9.639526e+05	-3.635558e+03	
1.994744e+06	0.000000e+00	1.964458e+06	3.028614e+04	-7.719481e+05	1.833766e+05	-9.520021e+05	-3.322692e+03	
1.939524e+06	0.000000e+00	1.911754e+06	2.776959e+04	-7.635104e+05	1.861825e+05	-9.466463e+05	-3.046602e+03	
1.884067e+06	0.000000e+00	1.858341e+06	2.572607e+04	-7.600906e+05	1.897971e+05	-9.470654e+05	-2.822407e+03	
1.830952e+06	0.000000e+00	1.806758e+06	2.419378e+04	-7.466570e+05	2.088998e+05	-9.529025e+05	-2.654299e+03	
1.781036e+06	0.000000e+00	1.757889e+06	2.314642e+04	-7.509578e+05	2.158385e+05	-9.642569e+05	-2.539394e+03	
1.732986e+06	0.000000e+00	1.710416e+06	2.256961e+04	-7.600860e+05	2.237545e+05	-9.813644e+05	-2.476112e+03	
1.680467e+06	0.000000e+00	1.658032e+06	2.243496e+04	-7.739694e+05	2.325246e+05	-1.004033e+06	-2.461339e+03	
1.610935e+06	0.000000e+00	1.588310e+06	2.262555e+04	-7.929707e+05	2.421170e+05	-1.032605e+06	-2.482249e+03	
1.510017e+06	0.000000e+00	1.487016e+06	2.300158e+04	-8.169218e+05	2.523285e+05	-1.066727e+06	-2.523503e+03	
1.363550e+06	0.000000e+00	1.340128e+06	2.342237e+04	-8.446828e+05	2.626056e+05	-1.104719e+06	-2.569668e+03	
1.158389e+06	0.000000e+00	1.134665e+06	2.372456e+04	-8.747478e+05	2.722621e+05	-1.144407e+06	-2.602822e+03	
8.843671e+05	0.000000e+00	8.606269e+05	2.374021e+04	-9.044664e+05	2.801193e+05	-1.181981e+06	-2.604539e+03	
