StressAxial	StressAP	StressDV	NetBendFemMag	NetBendFemAng	PeakTensStress	PeakCompStress	FemShear	
-1.020703e+06	-1.608804e+06	2.575143e+06	3.036381e+06	-5.800521e+01	2.015679e+06	-4.057084e+06	3.311783e+06	
-1.132873e+06	-1.549752e+06	3.547821e+06	3.871533e+06	-6.640345e+01	2.738660e+06	-5.004406e+06	3.182425e+06	
-1.219394e+06	-1.475227e+06	4.227750e+06	4.477741e+06	-7.076415e+01	3.258348e+06	-5.697135e+06	3.071736e+06	
-1.279447e+06	-1.390346e+06	4.656156e+06	4.859305e+06	-7.337421e+01	3.579858e+06	-6.138753e+06	2.958505e+06	
-1.318415e+06	-1.299490e+06	4.923905e+06	5.092496e+06	-7.521593e+01	3.774081e+06	-6.410912e+06	2.823097e+06	
-1.343761e+06	-1.205107e+06	5.125328e+06	5.265099e+06	-7.676854e+01	3.921338e+06	-6.608860e+06	2.648454e+06	
-1.362039e+06	-1.108414e+06	5.328789e+06	5.442846e+06	-7.824978e+01	4.080807e+06	-6.804885e+06	2.423767e+06	
-1.377661e+06	-1.010854e+06	5.567370e+06	5.658395e+06	-7.970908e+01	4.280734e+06	-7.036056e+06	2.149561e+06	
-1.392652e+06	-9.155389e+05	5.840642e+06	5.911963e+06	-8.109123e+01	4.519311e+06	-7.304615e+06	1.843669e+06	
-1.408565e+06	-8.259864e+05	6.143407e+06	6.198685e+06	-8.234248e+01	4.790121e+06	-7.607250e+06	1.525003e+06	
-1.426276e+06	-7.445004e+05	6.465930e+06	6.508651e+06	-8.343180e+01	5.082375e+06	-7.934927e+06	1.208877e+06	
-1.445085e+06	-6.709960e+05	6.786161e+06	6.819253e+06	-8.435314e+01	5.374168e+06	-8.264338e+06	9.066688e+05	
-1.463594e+06	-6.056872e+05	7.081368e+06	7.107224e+06	-8.511128e+01	5.643630e+06	-8.570818e+06	6.278221e+05	
-1.481544e+06	-5.471429e+05	7.347735e+06	7.368078e+06	-8.574141e+01	5.886534e+06	-8.849622e+06	3.711375e+05	
-1.500927e+06	-4.898156e+05	7.609135e+06	7.624884e+06	-8.631687e+01	6.123957e+06	-9.125811e+06	1.196165e+05	
-1.523179e+06	-4.274352e+05	7.881487e+06	7.893069e+06	-8.689576e+01	6.369890e+06	-9.416247e+06	-1.423372e+05	
-1.547959e+06	-3.581397e+05	8.159088e+06	8.166944e+06	-8.748667e+01	6.618985e+06	-9.714903e+06	-4.122824e+05	
-1.576216e+06	-3.210725e+05	8.451300e+06	8.457396e+06	-8.782436e+01	6.881180e+06	-1.003361e+07	-6.485980e+05	
-1.600871e+06	-2.566861e+05	8.675799e+06	8.679595e+06	-8.830535e+01	7.078724e+06	-1.028047e+07	-8.547006e+05	
-1.623374e+06	-2.047825e+05	8.854922e+06	8.857289e+06	-8.867522e+01	7.233915e+06	-1.048066e+07	-9.962918e+05	
-1.642700e+06	-1.716160e+05	8.988880e+06	8.990518e+06	-8.890627e+01	7.347818e+06	-1.063322e+07	-1.062770e+06	
-1.657339e+06	-1.624731e+05	9.078279e+06	9.079733e+06	-8.897472e+01	7.422393e+06	-1.073707e+07	-1.047850e+06	
-1.666273e+06	-1.724830e+05	9.126774e+06	9.128403e+06	-8.891735e+01	7.462130e+06	-1.079468e+07	-9.849204e+05	
-1.670268e+06	-1.867275e+05	9.136546e+06	9.138454e+06	-8.882922e+01	7.468186e+06	-1.080872e+07	-9.475841e+05	
-1.670912e+06	-1.930419e+05	9.100368e+06	9.102416e+06	-8.878483e+01	7.431504e+06	-1.077333e+07	-9.991384e+05	
-1.668261e+06	-1.915069e+05	8.999768e+06	9.001805e+06	-8.878101e+01	7.333544e+06	-1.067007e+07	-1.144988e+06	
-1.660567e+06	-1.920581e+05	8.816877e+06	8.818969e+06	-8.875215e+01	7.158402e+06	-1.047954e+07	-1.341212e+06	
-1.646335e+06	-2.026814e+05	8.542706e+06	8.545110e+06	-8.864091e+01	6.898775e+06	-1.019145e+07	-1.551792e+06	
-1.625255e+06	-2.264422e+05	8.189509e+06	8.192639e+06	-8.841619e+01	6.567384e+06	-9.817895e+06	-1.751852e+06	
-1.597965e+06	-2.631940e+05	7.785580e+06	7.790027e+06	-8.806387e+01	6.192062e+06	-9.387993e+06	-1.918704e+06	
-1.565210e+06	-3.124039e+05	7.357353e+06	7.363982e+06	-8.756863e+01	5.798772e+06	-8.929192e+06	-2.028338e+06	
-1.527747e+06	-3.684710e+05	6.921106e+06	6.930907e+06	-8.695255e+01	5.403160e+06	-8.458654e+06	-2.089156e+06	
-1.486370e+06	-4.222237e+05	6.486633e+06	6.500360e+06	-8.627583e+01	5.013990e+06	-7.986730e+06	-2.133774e+06	
-1.441976e+06	-4.659081e+05	6.063216e+06	6.081090e+06	-8.560596e+01	4.639114e+06	-7.523066e+06	-2.188800e+06	
-1.395066e+06	-4.990543e+05	5.650290e+06	5.672287e+06	-8.495256e+01	4.277220e+06	-7.067353e+06	-2.259204e+06	
-1.345833e+06	-5.255791e+05	5.241796e+06	5.268080e+06	-8.427429e+01	3.922247e+06	-6.613912e+06	-2.338534e+06	
-1.294455e+06	-5.488629e+05	4.833848e+06	4.864908e+06	-8.352208e+01	3.570453e+06	-6.159364e+06	-2.422164e+06	
-1.240839e+06	-5.694111e+05	4.423694e+06	4.460190e+06	-8.266534e+01	3.219351e+06	-5.701029e+06	-2.512836e+06	
-1.184855e+06	-5.866223e+05	4.010755e+06	4.053428e+06	-8.167882e+01	2.868573e+06	-5.238283e+06	-2.613693e+06	
-1.126646e+06	-6.004808e+05	3.598661e+06	3.648416e+06	-8.052680e+01	2.521770e+06	-4.775062e+06	-2.720395e+06	
-1.067115e+06	-6.117279e+05	3.199642e+06	3.257594e+06	-7.917647e+01	2.190478e+06	-4.324709e+06	-2.809608e+06	
-1.007254e+06	-6.201613e+05	2.821095e+06	2.888456e+06	-7.760190e+01	1.881202e+06	-3.895710e+06	-2.862559e+06	
-9.473917e+05	-6.246727e+05	2.457718e+06	2.535862e+06	-7.573926e+01	1.588470e+06	-3.483254e+06	-2.875389e+06	
-8.866611e+05	-6.261984e+05	2.088248e+06	2.180115e+06	-7.330773e+01	1.293454e+06	-3.066776e+06	-2.853717e+06	
-8.244009e+05	-6.276385e+05	1.695244e+06	1.807701e+06	-6.968371e+01	9.833000e+05	-2.632102e+06	-2.800749e+06	
-7.610420e+05	-6.326499e+05	1.278236e+06	1.426230e+06	-6.366737e+01	6.651880e+05	-2.187272e+06	-2.715741e+06	
-6.993217e+05	-6.447938e+05	8.727003e+05	1.085064e+06	-5.354121e+01	3.857427e+05	-1.784386e+06	-2.597758e+06	
-6.416899e+05	-6.676783e+05	5.144468e+05	8.428819e+05	-3.761430e+01	2.011920e+05	-1.484572e+06	-2.449235e+06	
-5.894666e+05	-7.040408e+05	2.263909e+05	7.395446e+05	-1.782569e+01	1.500780e+05	-1.329011e+06	-2.275411e+06	
-5.438398e+05	-7.543042e+05	3.033168e+04	7.549138e+05	-2.302708e+00	2.110740e+05	-1.298754e+06	-2.081391e+06	
-5.054515e+05	-8.168734e+05	-5.990277e+04	8.190668e+05	4.194095e+00	3.136153e+05	-1.324518e+06	-1.871930e+06	
-4.732604e+05	-8.861214e+05	-5.635424e+04	8.879115e+05	3.638913e+00	4.146511e+05	-1.361172e+06	-1.654927e+06	
-4.435605e+05	-9.500582e+05	-1.697923e+04	9.502099e+05	1.023869e+00	5.066494e+05	-1.393770e+06	-1.446546e+06	
-4.141611e+05	-1.000789e+06	1.706479e+04	1.000934e+06	-9.768753e-01	5.867732e+05	-1.415095e+06	-1.259574e+06	
-3.860919e+05	-1.036673e+06	5.136701e+04	1.037944e+06	-2.836680e+00	6.518525e+05	-1.424036e+06	-1.105801e+06	
-3.574222e+05	-1.062163e+06	6.095479e+04	1.063910e+06	-3.284456e+00	7.064882e+05	-1.421333e+06	-9.626742e+05	
-3.299853e+05	-1.079959e+06	6.877528e+04	1.082147e+06	-3.643861e+00	7.521615e+05	-1.412132e+06	-8.297122e+05	
-3.039221e+05	-1.091529e+06	7.222363e+04	1.093916e+06	-3.785596e+00	7.899936e+05	-1.397838e+06	-7.023566e+05	
-2.793777e+05	-1.097579e+06	6.701390e+04	1.099623e+06	-3.493920e+00	8.202455e+05	-1.379001e+06	-5.813494e+05	
-2.565579e+05	-1.099420e+06	5.074790e+04	1.100590e+06	-2.642829e+00	8.440325e+05	-1.357148e+06	-4.676430e+05	
-2.356638e+05	-1.098665e+06	2.482267e+04	1.098945e+06	-1.294291e+00	8.632817e+05	-1.334609e+06	-3.610643e+05	
-2.167595e+05	-1.096500e+06	-5.199603e+03	1.096512e+06	2.716947e-01	8.797525e+05	-1.313272e+06	-2.603602e+05	
-1.997093e+05	-1.093556e+06	-3.568737e+04	1.094139e+06	1.869141e+00	8.944292e+05	-1.293848e+06	-1.646317e+05	
-1.841973e+05	-1.090468e+06	-6.567701e+04	1.092444e+06	3.446664e+00	9.082467e+05	-1.276641e+06	-7.427307e+04	
-1.697919e+05	-1.088435e+06	-9.492274e+04	1.092566e+06	4.984175e+00	9.227740e+05	-1.262358e+06	8.597048e+03	
-1.560475e+05	-1.088451e+06	-1.217455e+05	1.095239e+06	6.382126e+00	9.391913e+05	-1.251286e+06	8.164807e+04	
-1.425890e+05	-1.091095e+06	-1.451242e+05	1.100704e+06	7.576318e+00	9.581153e+05	-1.243293e+06	1.444761e+05	
-1.292527e+05	-1.096531e+06	-1.674229e+05	1.109239e+06	8.681116e+00	9.799862e+05	-1.238492e+06	2.003899e+05	
-1.159983e+05	-1.104871e+06	-1.923184e+05	1.121484e+06	9.874218e+00	1.005485e+06	-1.237482e+06	2.534293e+05	
-1.028792e+05	-1.116071e+06	-2.224556e+05	1.138025e+06	1.127249e+01	1.035146e+06	-1.240904e+06	3.058825e+05	
-8.996883e+04	-1.129744e+06	-2.573737e+05	1.158690e+06	1.283386e+01	1.068721e+06	-1.248659e+06	3.565036e+05	
-7.738616e+04	-1.145383e+06	-2.950502e+05	1.182775e+06	1.444532e+01	1.105389e+06	-1.260161e+06	4.033736e+05	
-6.524138e+04	-1.162093e+06	-3.326529e+05	1.208767e+06	1.597395e+01	1.143526e+06	-1.274009e+06	4.443218e+05	
-6.118341e+04	-1.178446e+06	-2.661265e+05	1.208122e+06	1.272555e+01	1.146939e+06	-1.269306e+06	4.769409e+05	
-6.216955e+04	-1.192862e+06	-1.338876e+05	1.200352e+06	6.404117e+00	1.138183e+06	-1.262522e+06	4.985353e+05	
-6.310882e+04	-1.204136e+06	-2.855357e+03	1.204139e+06	1.358648e-01	1.141031e+06	-1.267248e+06	5.090811e+05	
-6.441052e+04	-1.207780e+06	1.244735e+05	1.214177e+06	-5.884114e+00	1.149767e+06	-1.278588e+06	3.231010e+05	
-6.505035e+04	-1.210330e+06	2.444783e+05	1.234775e+06	-1.141970e+01	1.169725e+06	-1.299825e+06	3.251406e+05	
-6.537074e+04	-1.208454e+06	3.548505e+05	1.259476e+06	-1.636436e+01	1.194105e+06	-1.324846e+06	3.253946e+05	
-6.547917e+04	-1.200859e+06	4.561572e+05	1.284578e+06	-2.079974e+01	1.219099e+06	-1.350057e+06	3.261315e+05	
-6.549075e+04	-1.186318e+06	5.506873e+05	1.307901e+06	-2.490068e+01	1.242411e+06	-1.373392e+06	3.302119e+05	
-6.543336e+04	-1.164428e+06	6.397425e+05	1.328594e+06	-2.878463e+01	1.263161e+06	-1.394027e+06	3.398346e+05	
-6.526110e+04	-1.135693e+06	7.218670e+05	1.345693e+06	-3.244079e+01	1.280432e+06	-1.410954e+06	3.561025e+05	
-6.492311e+04	-1.101052e+06	7.940297e+05	1.357498e+06	-3.579746e+01	1.292574e+06	-1.422421e+06	3.793138e+05	
-6.435629e+04	-1.061657e+06	8.552956e+05	1.363322e+06	-3.885573e+01	1.298966e+06	-1.427678e+06	4.070623e+05	
-6.349943e+04	-1.018394e+06	9.089057e+05	1.365004e+06	-4.174859e+01	1.301504e+06	-1.428503e+06	4.355022e+05	
-6.230821e+04	-9.717503e+05	9.605297e+05	1.366351e+06	-4.466731e+01	1.304043e+06	-1.428660e+06	4.612332e+05	
-6.077294e+04	-9.222871e+05	1.012271e+06	1.369418e+06	-4.766315e+01	1.308645e+06	-1.430191e+06	4.817625e+05	
-5.890346e+04	-8.707153e+05	1.064259e+06	1.375061e+06	-5.071197e+01	1.316157e+06	-1.433964e+06	4.950414e+05	
-5.671235e+04	-8.177988e+05	1.116547e+06	1.384006e+06	-5.377965e+01	1.327294e+06	-1.440718e+06	4.996764e+05	
-5.423134e+04	-7.655251e+05	1.159558e+06	1.389461e+06	-5.656774e+01	1.335230e+06	-1.443693e+06	4.986620e+05	
-5.253171e+04	-7.097590e+05	1.176447e+06	1.373967e+06	-5.889714e+01	1.321435e+06	-1.426499e+06	1.871064e+05	
-5.000809e+04	-6.669382e+05	1.151620e+06	1.330802e+06	-5.992358e+01	1.280794e+06	-1.380811e+06	2.208486e+05	
-4.764560e+04	-6.296107e+05	1.094275e+06	1.262477e+06	-6.008528e+01	1.214831e+06	-1.310122e+06	2.614267e+05	
-4.559381e+04	-5.944236e+05	1.025084e+06	1.184963e+06	-5.989152e+01	1.139369e+06	-1.230557e+06	3.083770e+05	
-4.392763e+04	-5.593757e+05	9.619512e+05	1.112767e+06	-5.982197e+01	1.068840e+06	-1.156695e+06	3.614883e+05	
-4.261639e+04	-5.261445e+05	9.060979e+05	1.047779e+06	-5.985754e+01	1.005163e+06	-1.090396e+06	4.207607e+05	
-4.163480e+04	-4.971381e+05	8.525931e+05	9.869454e+05	-5.975401e+01	9.453106e+05	-1.028580e+06	4.867682e+05	
-4.100384e+04	-4.742347e+05	7.957528e+05	9.263482e+05	-5.920688e+01	8.853444e+05	-9.673521e+05	5.607946e+05	
-4.078782e+04	-4.583962e+05	7.301863e+05	8.621480e+05	-5.788025e+01	8.213601e+05	-9.029358e+05	6.448305e+05	
-4.107283e+04	-4.501532e+05	6.455286e+05	7.869848e+05	-5.511040e+01	7.459120e+05	-8.280577e+05	7.413218e+05	
