"PercentStance"	"InterpV.N"	"InterpML.N"	"InterpHz.N"	"SquaredV.N"	"SquaredML.N"	"SquaredHz.N"	"NetGRF.N"	"APAngle"	"APAngle.Convert"	"MLAngle"	"MLAngle.Convert"	"InterpV.BW"	"InterpML.BW"	"InterpHz.BW"	"NetGRF.BW"
0	0.222377258168615	0.00209126969106572	0.0390339145180038	0.0494516449505909	4.37340892077011e-06	0.00152364648259883	0.225786768527543	80.0442841357051	9.9557158642949	89.4611976240228	0.538802375977241	0.405206374213949	0.00381062261491567	0.0711259375328058	0.411419038862142
1	0.22689291119409	-0.0015332513821805	0.0411665836604073	0.0514803931501292	2.35085980095841e-06	0.00169468761026931	0.230602323535994	79.7163415169607	10.2836584830393	90.3871760272097	-0.387176027209719	0.413434604945499	-0.00279382540484785	0.0750119964657567	0.420193738221564
2	0.231274043114645	-0.00549781582749381	0.0434249345979582	0.0534876830185947	3.02259788730414e-05	0.00188572494483695	0.235379765362923	79.3657342098572	10.6342657901428	91.3617711842622	-1.36177118426222	0.421417717045636	-0.0100178859830427	0.0791270674161046	0.428898989363927
3	0.235364536586689	-0.00961296325542224	0.0456848557433599	0.0553964650826669	9.24090625500981e-05	0.0020871060442916	0.23994995351012	79.015336041911	10.984663958089	92.3388241774638	-2.33882417746378	0.428871240136095	-0.0175163324625041	0.0832449995323613	0.437226591672958
4	0.239145606183995	-0.0136601923906306	0.0477377116589595	0.0571906209571104	0.000186600856149042	0.00227888911443396	0.244246004937017	78.7111271442792	11.2888728557208	93.2692292205151	-3.26922922051506	0.435760944212819	-0.0248910211199537	0.0869856262007279	0.445054673719055
5	0.242653122155736	-0.0174983393503628	0.0493868811276175	0.0588805376919265	0.000306191880020455	0.00243906402751342	0.248245430168332	78.4957951224828	11.5042048775172	94.1246059618603	-4.12460596186027	0.442152190517012	-0.0318847291369585	0.0899906726086325	0.452342256137632
6	0.245981338902158	-0.0210698394621793	0.0505016020828704	0.0605068190880983	0.000443938134962008	0.00255041181293658	0.251994382945329	78.3980142065851	11.6019857934149	94.8957915807938	-4.89579158079377	0.448216725404807	-0.0383925646176737	0.0920218696845306	0.459173438311459
7	0.249243568062175	-0.0243752946735745	0.0510526927128637	0.0621223562203641	0.000594154990423589	0.00260637743323409	0.255583427952639	78.4241922741472	11.5758077258528	95.5855980810871	-5.58559808108711	0.454161020521456	-0.0444156244052013	0.0930260435730024	0.465713243353934
8	0.252449765518589	-0.0275225127725121	0.0511675444707389	0.0637308841103906	0.000757488709313092	0.00261811760716504	0.259049204644347	78.5422734209131	11.4577265790869	96.2219125640753	-6.22191256407532	0.460003217052822	-0.0501503512618661	0.0932353215574688	0.472028434118708
9	0.255553059765324	-0.0306281898511398	0.0510552516483967	0.0653073663554193	0.000938086013557463	0.00260663872088111	0.262396819892806	78.7020025903609	11.2979974096391	96.8343352979246	-6.83433529792461	0.465657907735649	-0.0558093838395404	0.093030706356408	0.478128316131207
10	0.258401662249672	-0.0338628096705838	0.0510088726900441	0.0667714190533936	0.00114668987878618	0.00260190509310913	0.265556046862595	78.833296260046	11.166703739954	97.4659061875172	-7.46590618751716	0.47084850993016	-0.0617033703910055	0.0929461965926459	0.483884925041172
11	0.260866607567324	-0.0373370252405052	0.0512805371935671	0.0680513869436842	0.00139405345381012	0.00262969349486082	0.26846812453689	78.8787370318065	11.1212629681935	98.1452478307955	-8.14524783079547	0.475340028366115	-0.0680339381204541	0.0934412120874036	0.489191189024946
12	0.262788262749752	-0.0411182915545763	0.0520633589151929	0.0690576710390327	0.00169071390036714	0.0027105933415322	0.271033168230259	78.7937308178272	11.2062691821728	98.8929234094498	-8.89292340944981	0.478841586643134	-0.0749240006460938	0.0948676365072757	0.493865102460385
13	0.264005606099731	-0.0451988381440429	0.0534285234664147	0.0696989600520863	0.00204293496957139	0.00285460711980123	0.273123602314884	78.5592026720241	11.4407973279759	99.7150831398761	-9.71508313987607	0.481059777878519	-0.0823593989505155	0.097355181243467	0.497674202468812
14	0.264431232036962	-0.0494736765377	0.0553074295049081	0.0699238764765856	0.00244764467015697	0.00305891175844038	0.2746460138163	78.1865333399952	11.8134666600048	100.597219172348	-10.5972191723483	0.481835335344318	-0.0901488275103863	0.100778843850051	0.500448275904336
15	0.264007848141006	-0.0538160236228368	0.057556086738258	0.0697001438800445	0.00289616439857373	0.00331270312062188	0.275515900447216	77.7014363845557	12.2985636154443	101.521467378101	-11.5214673781014	0.481063863230696	-0.0980612675343236	0.104876251345222	0.502033346295947
16	0.262770729854488	-0.0580211226786089	0.0599424476841692	0.0690484564682603	0.00336645067688618	0.00359309703436936	0.275695491764947	77.1497497144068	12.8502502855932	102.451411475966	-12.451411475966	0.478809638947682	-0.105723620041197	0.109224576683982	0.502360589950705
17	0.260735904779874	-0.0619099353426945	0.0622285630705777	0.0679832120413795	0.00383284009413661	0.00387239406182887	0.275115332537729	76.5766067056454	13.4233932943546	103.357131064956	-13.3571310649562	0.475101867310266	-0.112809648948058	0.113390238831228	0.501303448501692
18	0.257926817206276	-0.0652596443673731	0.064151587976008	0.0665262430341597	0.00425882118295601	0.0041154262398435	0.273679539711976	76.0327955800553	13.9672044199447	104.198773667855	-14.1987736678545	0.469983267504147	-0.118913346150461	0.116894292959198	0.498687207929986
19	0.254344251708809	-0.0678368653423393	0.0655160972678368	0.064690998377314	0.00460184029947468	0.00429235900120865	0.271265916911796	75.5552916588259	14.4447083411741	104.933884448334	-14.933884448334	0.463455269148704	-0.123609448510093	0.119380643709615	0.494289207200794
20	0.250025790303497	-0.069375454901306	0.0662334253652995	0.0625128958168882	0.00481295374276314	0.0043868666356207	0.267792300477949	75.1627854707534	14.8372145292466	105.50790851765	-15.5079085176503	0.455586352593836	-0.126413000913458	0.120687728435312	0.487959731191598
21	0.245077490836974	-0.0695880348741977	0.066359098842623	0.0600629765149471	0.00484249459765255	0.00440352999920501	0.263266027264827	74.8494289288502	15.1505710711498	105.851523606764	-15.8515236067642	0.446569771933262	-0.126800355091468	0.120916725296325	0.479712148806172
22	0.239629121112362	-0.0682923572810084	0.0661560889178524	0.0574221156850831	0.0046638460629969	0.00437662810090679	0.25780339378873	74.5663955296221	15.4336044703779	105.907122423879	-15.9071224238787	0.436641984534187	-0.12443942653245	0.120546809252646	0.469758370606286
23	0.233890339971971	-0.0654055587497838	0.0659888928485345	0.0547046911322042	0.00427788711537142	0.00435453397937537	0.251668655630674	74.2443283576935	15.7556716423065	105.623223180285	-15.6232231802852	0.426185021814816	-0.119179225127157	0.120242151691936	0.458579911863474
24	0.228043502675694	-0.0611030689748138	0.0662877012213047	0.0520038391125993	0.00373358503814085	0.00439405933320496	0.245217216940298	73.7919051633585	16.2080948366415	104.999764782414	-14.9997647824143	0.415531163767664	-0.111339411397255	0.120786627589841	0.446824374891213
25	0.222348518590675	-0.055755153758272	0.0673873110910591	0.0494388637194677	0.00310863717060855	0.00454104969608318	0.238932104553071	73.1394837253844	16.8605162746156	104.076986539962	-14.0769865399616	0.405154006178344	-0.10159466792688	0.122790289888956	0.435371910628773
26	0.217166991791388	-0.0499086054593667	0.0694838532821247	0.0471615023237208	0.00249086889889873	0.00482800586693183	0.23341031915824	72.2576221250917	17.7423778749083	102.942790473698	-12.9427904736978	0.395712448599468	-0.0909413364784379	0.126610519828944	0.425310348320408
27	0.212934501151396	-0.0441422150653135	0.0725932173289755	0.0453411017805939	0.00194853515087239	0.00526977520217187	0.229258395993774	71.1748295277567	18.8251704722433	101.711764778086	-11.7117647780858	0.388000184313768	-0.0804340653522476	0.132276270643177	0.417744890659209
28	0.210026055101817	-0.0389215249116681	0.076552340050244	0.0441109438216315	0.0015148851014496	0.00586026076716819	0.226905464214173	69.9737213258653	20.0262786741347	100.498812213135	-10.4988122131353	0.38270053772197	-0.0709211459760716	0.139490415543448	0.413457478524367
29	0.20854903593879	-0.0345860394343247	0.0811085901838513	0.0434927003909987	0.00119619412375266	0.00657860340161194	0.226423271587448	68.7480179408104	21.2519820591896	99.4163031250683	-9.41630312506834	0.380009176273305	-0.063021208881787	0.147792620597397	0.412578847644767
30	0.208382797057154	-0.031233052669118	0.0859344598769767	0.043423390109363	0.000975503579031899	0.00738473139434772	0.227560157063451	67.589361411466	22.410638588534	98.5242131406652	-8.52421314066515	0.379706262859246	-0.056911539120113	0.156586114936182	0.41465043196693
31	0.209153264845151	-0.028822191464905	0.0907647609671103	0.0437450881953859	0.000830718720839643	0.00823824183341667	0.229813073495922	66.5409444283624	23.4590555716376	97.846179925699	-7.84617992569902	0.381110176467112	-0.0525185704535441	0.165387683977971	0.418755600393444
32	0.21044628371742	-0.0271848701503592	0.0954133812346055	0.0442876383304728	0.000739017165091891	0.00910371331862017	0.232659340698337	65.6111297601588	24.3888702398412	97.3605500377506	-7.36055003775057	0.383466260418039	-0.0495351132477391	0.1738582019581	0.42394194733662
33	0.211930106598201	-0.0261626123929491	0.0998295449763688	0.0449143700827248	0.000684482287223694	0.00996593805018884	0.235721849687587	64.7772489544834	25.2227510455166	97.0375151463623	-7.03751514636228	0.386170019311591	-0.0476723986751988	0.181905147551692	0.429522320859306
34	0.213405091631367	-0.0256338878245307	0.104034092697095	0.0455417331341922	0.000657096205000623	0.0108230924433078	0.238792633434326	64.0109593691045	25.9890406308955	96.8494633971703	-6.84946339717031	0.388857674255406	-0.046708979272104	0.189566495439313	0.435117772292869
35	0.214806292026139	-0.0254955771574551	0.108063298191181	0.0461417430940189	0.000650024454591746	0.0116776764159561	0.241804557369308	63.2942549258467	26.7057450741533	96.768827432766	-6.76882743276596	0.391410881971828	-0.0464569554618351	0.196908342185097	0.440605971882849
36	0.216140266525555	-0.0257193852797402	0.111964163108542	0.046716614813738	0.000661486779167717	0.0125359738205962	0.244773518611597	62.6151107981277	27.3848892018723	96.7859428332424	-6.78594283324242	0.393841593523242	-0.0468647690957365	0.204016332194865	0.446015886682939
37	0.217490931237824	-0.0262252022809453	0.115707098129911	0.0473023051706959	0.000687761234676499	0.0133881325576449	0.247746239049188	61.9866277932392	28.0133722067608	96.8755688294138	-6.87556882941381	0.396302717270087	-0.0477864473049295	0.210836549070538	0.451432651328695
38	0.218797660824666	-0.0269343896545656	0.119241414378796	0.0478724163823456	0.00072546134606397	0.0142185149030557	0.250631986449187	61.4102843808063	28.5897156191937	97.0179067872002	-7.01790678720023	0.398683784301505	-0.049078698350156	0.217276629698972	0.45669093740741
39	0.219933232275325	-0.027688903495906	0.122438924903143	0.0483706266590721	0.000766675376805596	0.0149912903314375	0.253236238258499	60.8948969161685	29.1051030838315	97.1756065225559	-7.17560652255585	0.400752974262618	-0.0504535413555138	0.223102997272491	0.461436294202804
40	0.220790832594579	-0.028295831865001	0.125131598204285	0.0487485917578074	0.000800654100932406	0.0156579168691586	0.255356932014579	60.4579192281159	29.5420807718841	97.3030315358883	-7.30303153588834	0.402315657060093	-0.05155946039541	0.228009471946583	0.465300532096536
41	0.221337088663276	-0.0286023828266253	0.127193820919163	0.0489901068179349	0.00081809630336083	0.0161782680800161	0.256878319835115	60.1156919122444	29.8843080877556	97.3632663768232	-7.36326637682325	0.403311021616757	-0.0521180445091569	0.231767166397892	0.468072740224336
42	0.221598863520514	-0.028482958660528	0.128518258470082	0.0491060563135834	0.000811278934057347	0.0165169427601828	0.257748478187212	59.888024067	30.111975933	97.3242894794517	-7.32428947945168	0.403788016619012	-0.0519004348770554	0.2341805001277	0.469658305734715
43	0.221601257035279	-0.0279266261613778	0.129075560464266	0.0491071171196158	0.000779896448757351	0.0166605003091644	0.257968048171741	59.7805846059576	30.2194153940424	97.1826626021064	-7.18266260210636	0.403792377979736	-0.0508867094777292	0.23519599209961	0.470058396814396
44	0.221453903936249	-0.026949078829499	0.128840877166318	0.0490418315686054	0.000726252849758551	0.0165999716289862	0.257619983788817	59.8093494259542	30.1906505740458	96.9382996190822	-6.93829961908216	0.403523877434856	-0.0491054643394661	0.234768362183524	0.469424168711401
45	0.22122955188382	-0.0256498626431227	0.127832757259182	0.0489425146267158	0.000657915453611061	0.0163412138284849	0.256791051068397	59.9794504726717	30.0205495273283	96.6134756943806	-6.6134756943806	0.403115072674599	-0.0467380879065647	0.232931408999967	0.467913722792268
46	0.220979334626162	-0.0241254472928426	0.126050503775929	0.0488318663318213	0.000582037207079726	0.0158887295021655	0.255543798674643	60.2988033977123	29.7011966022877	96.2305976967906	-6.23059769679062	0.402659137438342	-0.0439603631429348	0.229683862565468	0.465641032570414
47	0.220714305345049	-0.0224915551894772	0.123531884632397	0.0487148045839475	0.000505870054841299	0.0152601265208318	0.253930701490821	60.7646385079916	29.2353614920084	95.818554060862	-5.81855406086197	0.402176212363427	-0.0409831544997762	0.225094541968653	0.4627017155445
48	0.220453465464507	-0.0208696225165196	0.12038496821891	0.0485997304353106	0.000435541143982022	0.014492540573068	0.252047241905879	61.3619809330118	28.6380190669882	95.4078912925755	-5.40789129257547	0.401700921035909	-0.0380277378216465	0.219360364830375	0.4592697556594
49	0.220242762694259	-0.0193429079511448	0.116780331113776	0.0485068745191997	0.000374148088006461	0.0136376457350432	0.250037333896859	62.0659178595188	27.9340821404812	95.019146260616	-5.01914626061597	0.401316987416653	-0.0352458235261385	0.212792148530933	0.4556073868383
50	0.220058995687255	-0.018035806194866	0.112974146019705	0.0484259615828833	0.000325290305098767	0.0127631576688816	0.248020986121868	62.8248893937658	27.1751106062342	94.685430066804	-4.68543006680405	0.400982134998642	-0.0328640783434147	0.20585668006506	0.451933283749759
51	0.219917839876801	-0.017025671980215	0.109199339263515	0.0483638562960783	0.000289873506377878	0.0119244956955882	0.246126442094393	63.5934839046462	26.4065160953538	94.4269132990447	-4.42691329904468	0.400724926889215	-0.0310234547744442	0.198978387870836	0.448481126265293
52	0.219798937665444	-0.01642343378928	0.105675980412495	0.0483115729988577	0.000269729177430864	0.011167412836142	0.244435502765925	64.3224614156777	25.6775385843223	94.2732147330763	-4.27321473307634	0.400508268340824	-0.029926081977551	0.192558273346383	0.445399968596802
53	0.219680868146683	-0.0162930615775759	0.102525714921938	0.0482596838296803	0.00026546385557068	0.0105115222202545	0.242974628110643	64.9813982140144	25.0186017859856	94.2416875409913	-4.24168754099132	0.400293127089437	-0.0296885232827549	0.186817993662423	0.442738024982951
54	0.219513154294207	-0.0166704830435787	0.0998062395918836	0.0481860249081923	0.000277905004906245	0.00996128546147247	0.241713084822835	65.550089570499	24.449910429501	94.3428760860296	-4.34287608602959	0.399987526046296	-0.0303762446129349	0.181862681472091	0.44043929450225
55	0.219219433900533	-0.017561981347427	0.0975283003364768	0.0480571601996702	0.000308423188847374	0.00951176936652202	0.240577124338619	66.0162479460447	23.9837520539553	94.5802648155442	-4.58026481554415	0.399452321247327	-0.0320006948750492	0.177711917522735	0.43836939566075
56	0.218698112863937	-0.0188976493613741	0.0956528358828603	0.0478288645702473	0.000357121151385443	0.00914946501243341	0.239448221405101	66.3766891555762	23.6233108444238	94.9386466825274	-4.93864668252745	0.398502392244783	-0.0344344922765563	0.17429452602562	0.43631235678772
57	0.217752940070784	-0.020596883289767	0.0941424767615065	0.0474163429094704	0.000424231601252283	0.00886280593079079	0.23812471614999	66.6194246145573	23.3805753854427	95.4034346529595	-5.40343465295955	0.396780138612945	-0.0375307640119661	0.171542413924028	0.43390072184765
58	0.216232791127567	-0.0224934925567153	0.0929002135539647	0.046756619958818	0.000505957207399007	0.00863044967837225	0.236417061238374	66.7501621925675	23.2498378074325	95.9388007789473	-5.93880077894731	0.394010187914663	-0.0409866846878923	0.169278814784921	0.430789105755055
59	0.213978173133748	-0.0244436384193451	0.0918468838074948	0.0457866585776562	0.000597491459175684	0.00843585006514745	0.23413671241815	66.7693054357076	23.2306945642924	96.5168916719156	-6.51689167191557	0.389901918975488	-0.0445401574696521	0.167359482156514	0.426633951199252
60	0.210891085232138	-0.0262755195245597	0.0908553263626582	0.0444750498303889	0.000690402926285518	0.00825469032846513	0.231127979883742	66.6928326048851	23.3071673951149	97.1020456263905	-7.10204562639051	0.384276758804916	-0.0478781332444601	0.165552708386768	0.421151566843554
61	0.206920041409451	-0.0278473370214648	0.0897705745925276	0.0428159035368889	0.000775474179187044	0.00805875606267256	0.227266657868568	66.5467817816214	23.4532182183786	97.6648232421638	-7.66482324216376	0.37704089178107	-0.0507422321819694	0.163576119884343	0.414115630226982
62	0.202047161963038	-0.0290792199054612	0.0884376500216852	0.0408230556573181	0.000845601030310171	0.00782121794135808	0.222463198369947	66.3606223063628	23.6393776936372	98.1899373068094	-8.18993730680937	0.368161738270842	-0.0529869167373564	0.161147321468085	0.40536297079072
63	0.196314495055759	-0.0299121908268443	0.0867178629585541	0.0385393809689976	0.000894739160061548	0.00751998775609857	0.216688965766967	66.1675481037771	23.8324518962229	98.6634511852235	-8.66345118522354	0.357715916646791	-0.0545047208943956	0.158013598685412	0.394841409925231
64	0.18974253623775	-0.0303833564373564	0.0845770695128015	0.0360022300579339	0.000923148348399447	0.00715328068737326	0.209949182169654	65.9752448662607	24.0247551337393	99.0975051839915	-9.09750518399147	0.34574077302797	-0.0553632588144249	0.154112735992714	0.382560463137125
65	0.182449639418436	-0.0305481793686344	0.0820395468638317	0.0332878709239173	0.00093319126273826	0.00673048724962284	0.202364891807543	65.7886548008337	24.2113451991663	99.5050650178887	-9.50506501788874	0.332451966870328	-0.0556635921440131	0.149488970232929	0.368740692069137
66	0.174626006810072	-0.0305569915615456	0.0792144843595993	0.0304942422544313	0.000933729733292369	0.0062749345323572	0.194172362915223	65.5998327826238	24.4001672173762	99.9254306309919	-9.92543063099187	0.318196076548965	-0.0556796493468396	0.144341261588191	0.35381261464144
67	0.16662030010727	-0.0305473500160873	0.0761919219856903	0.0277623244078367	0.000933140593005349	0.00580520897587352	0.185743570485537	65.426388959101	24.573611040899	100.388955957302	-10.3889559573018	0.30360841856281	-0.0556620809331037	0.138833677087628	0.338454027852655
68	0.158828855298201	-0.030621131702174	0.0730258816403132	0.0252266052753369	0.000937653706721886	0.00533277938934503	0.177474049853503	65.3081081390742	24.6918918609258	100.912353047373	-10.9123530473727	0.289411179479229	-0.0557965227809293	0.133064653134681	0.323385659354051
69	0.151574290423551	-0.0308428003815956	0.0697301176978148	0.022974765517403	0.000951278335378954	0.0048622893141511	0.169671250266311	65.2957153113215	24.7042846886785	101.501692369314	-11.501692369314	0.276192220159532	-0.0562004380131115	0.127059252364823	0.309167730077097
70	0.145080811417586	-0.0312004369319029	0.0662698225404578	0.0210484418415851	0.00097346726474165	0.00439168937954377	0.162522609152913	65.4500897550788	24.5499102449212	102.136923515007	-12.1369235150068	0.264360079113677	-0.056852108112068	0.120754049818618	0.296141780526445
71	0.139402506528016	-0.0316999304498677	0.0626420517190654	0.0194330588262935	0.00100488559052645	0.00392402664357406	0.156083218381715	65.8027078555934	24.1972921444066	102.81112192372	-12.8111219237202	0.254013313644344	-0.0577622639392633	0.11414368024611	0.284408196759684
72	0.134508652653201	-0.0322809834572777	0.0588298813359022	0.0180925776385795	0.00104206189296904	0.00346095493799633	0.150318310493249	66.3769344803083	23.6230655196917	103.495292986313	-13.4952929863126	0.245095941423471	-0.0588210339964973	0.107197305641221	0.273903626992072
73	0.130241425715654	-0.0329031858794543	0.0548695769743369	0.0169628289724462	0.00108261964101792	0.00301067047734268	0.145107267532701	67.1547323319697	22.8452676680303	104.178101159315	-14.178101159315	0.237320382134938	-0.0599547847657695	0.099981007606299	0.264408286320519
74	0.126416872556665	-0.0334865327769524	0.0508099777529708	0.0159812256670081	0.00112134787742191	0.00258165383925739	0.140300489606014	68.1036206014323	21.8963793985677	104.83632411133	-14.8363241113298	0.230351444163019	-0.0610177346518812	0.0925837787043929	0.255649580185886
75	0.1228081798901	-0.0339484693261459	0.0467184730440742	0.0150818490479192	0.00115249856958827	0.00218261572356989	0.135709112962532	69.1722716333758	20.8277283666242	105.45265764917	-15.4526576491699	0.223775837992165	-0.0618594557692163	0.0851284129811848	0.247283369100824
76	0.119197382211694	-0.0342303658954048	0.0426781245522645	0.0142080159261207	0.00117171794933329	0.0018214223152986	0.131153178347887	70.3003055533554	19.6996944466446	106.022679130657	-16.0226791306575	0.217196396158335	-0.0623731156986239	0.0777662619392575	0.238981738972097
77	0.115513751390792	-0.0342565750018508	0.0387613338570861	0.0133434267603737	0.00117351293085743	0.00150244100238049	0.126567692139865	71.4505125596574	18.5494874403426	106.518166612336	-16.5181666123358	0.210484240872434	-0.0624208728167835	0.0706292526550403	0.2306262611878
78	0.111750698579162	-0.0340026372123617	0.0350773464094107	0.0124882186329307	0.00115617933739548	0.0012304202311258	0.121962363872844	72.5734859897282	17.4265140102718	106.923550218488	-16.9235502184882	0.203627366215674	-0.0619581581857903	0.0639164475390137	0.222234628048185
79	0.107960918983641	-0.0334061498580008	0.0316980883949081	0.0116555600277923	0.00111597084833521	0.00100476880789141	0.117372482652532	73.6373885066224	16.3626114933776	107.193540559999	-17.1935405599991	0.196721791150949	-0.0608712643185146	0.0577589074251241	0.21387114185957
80	0.10411565318121	-0.0324537260811138	0.0287014206491259	0.01084006923735	0.00105324433654797	0.000823771547278071	0.112770054186278	74.5881380403528	15.4118619596472	107.312696372921	-17.3126963729213	0.189715111481797	-0.0591357982527584	0.0522985070137134	0.20548479261348
81	0.100193845587535	-0.031129283186837	0.0261222420750291	0.0100388066936188	0.000969032271726293	0.000682371531026421	0.108121276797731	75.3873089566491	14.6126910433509	107.259526989496	-17.259526989496	0.182568960618686	-0.0567224547865106	0.0475988376002717	0.197013988334058
82	0.0962057267335346	-0.029438321169643	0.0239789253451142	0.00925554185632753	0.000866614753287051	0.00057498886070656	0.10342700551752	76.0044051412115	13.9955948587885	107.013766972769	-17.0137669727691	0.175301980199589	-0.0536412557755886	0.0436933770865783	0.18846028702172
83	0.0921573407826423	-0.0274339650173176	0.0222869683646123	0.00849297546012807	0.000752622436571406	0.000496708958885229	0.0987031248521783	76.4048390759148	13.5951609240852	106.577540132037	-16.5775401320369	0.167925183641841	-0.0499890033114388	0.0406103650958679	0.179852632748138
84	0.088074521420123	-0.025174172346222	0.0210165561360403	0.0077571213233837	0.000633738953317289	0.000441695631819333	0.0939816785789673	76.5789203740023	13.4210796259977	105.951424178123	-15.9514241781232	0.160485643987105	-0.045871305295594	0.0382954740088198	0.171249414320276
85	0.08390370476093	-0.0227931143326677	0.0201334832063229	0.00703983167260931	0.000519526060982062	0.000405357146019286	0.0892452513000588	76.5064658981776	13.4935341018224	105.198080919708	-15.1980809197082	0.152885759404027	-0.0415326427344528	0.0366863761048158	0.162618898141507
86	0.079592489150743	-0.0203898281770779	0.0195319730147279	0.00633496432921114	0.00041574509309076	0.000381497969848059	0.0844523971959941	76.2120969503947	13.7879030496053	104.368896361659	-14.3688963616595	0.145030045828613	-0.0371534769990486	0.0355903298373322	0.153885563403779
87	0.0750567322301621	-0.0180694559194513	0.0190929613916939	0.00563351305307025	0.000326505237224994	0.000364541174704714	0.0795270989348911	75.7277862087995	14.2722137912005	103.536031420043	-13.5360314200431	0.136765182635135	-0.0329253934392334	0.0347903815446317	0.144910894560662
88	0.0702846786012121	-0.0158706556878745	0.0186768272199012	0.00493993604607568	0.000251877711963063	0.000348823875002042	0.0744354595138687	75.1186379942902	14.8813620057098	102.724295037728	-12.7242950377284	0.128069749637777	-0.0289188332505002	0.0340321195697908	0.13563312593635
89	0.0653361285947415	-0.0138307199949247	0.0181715668294988	0.0042688096997486	0.00019128881557801	0.000330205841038941	0.0692120246515412	74.4574571503401	15.5425428496599	101.952248294779	-11.9522482947786	0.119052712453975	-0.025201749261889	0.0331114555931101	0.126115205268843
90	0.0602706184001384	-0.0120058988749194	0.0175047282490579	0.0036325474423351	0.000144141607794791	0.000306415511073366	0.0638991749649654	73.8048261236827	16.1951738763173	101.265844425876	-11.2658444258764	0.109822555393838	-0.021876637891617	0.0318963707162134	0.116434356714587
91	0.0552121407236254	-0.0103996207693344	0.0166013263307022	0.00304838048328541	0.000108152112145971	0.000275604035938466	0.0585844401814155	73.2648852007816	16.7351147992184	100.667110393944	-10.6671103939441	0.100605212688822	-0.0189497462998076	0.0302502301944282	0.106750073216865
92	0.0502804787841181	-0.00904079791590032	0.0154153890204666	0.00252812654676015	8.17360269561476e-05	0.000237634218652322	0.0533619414224091	72.9550914496303	17.0449085503697	100.193279828655	-10.1932798286554	0.0916189482217895	-0.0164737571353869	0.0280892657078473	0.0972338582769845
93	0.0456572404430735	-0.00789468231289902	0.0138580401859397	0.00208458360487663	6.23260088216006e-05	0.00019204527779512	0.0483627428036639	73.1157293130665	16.8842706869335	99.8101228370224	-9.81012283702245	0.0831946801076412	-0.0143853540686935	0.0252515309510563	0.0881245313477841
94	0.0415005040986087	-0.00696682660166871	0.0118474919309826	0.00172229184043864	4.85366728977188e-05	0.000140363065054698	0.0437171771548788	74.0671072351131	15.9328927648869	99.5295755378552	-9.52957553785522	0.0756204520747243	-0.0126946548864226	0.0215879955010616	0.0796595793638461
95	0.0379728560544414	-0.00626489281032347	0.00928712951629266	0.00144193779693133	3.92488819248427e-05	8.62507746523943e-05	0.0395908758871102	76.2567897847871	13.7432102152129	99.3684619984303	-9.36846199843033	0.06919252196509	-0.0114156210100646	0.01692261209237	0.0721408088321979
96	0.0352228015035907	-0.00581362834939886	0.00610884925930441	0.00124064574576135	3.37982745849341e-05	3.7318039272904e-05	0.0362182558886978	80.1608083182515	9.83919168174846	99.3723401454239	-9.37234014542389	0.0641814896202454	-0.0105933461177093	0.0111312850934847	0.0659953642286766
97	0.0333638053418054	-0.00566115350643501	0.00230513672748007	0.00111314350688588	3.20486590234214e-05	5.31365533237753e-06	0.0339191070230583	86.0476615622955	3.95233843770454	99.630196362851	-9.63019636285097	0.0607941059435229	-0.0103155129490434	0.00420032202529167	0.061805953030354
98	0.032516346200267	-0.00579338376180696	-0.00211427624665028	0.00105731277021562	3.35632954115686e-05	4.4701640471496e-06	0.0330960153141483	93.72024633981	-3.72024633981002	100.102289094064	-10.1022890940643	0.0592499019684165	-0.0105564572919223	-0.00385254418121407	0.0603061503537687
99	0.0327027233484806	-0.00620436748995276	-0.00708011644002862	0.00106946811440726	3.84941759503827e-05	5.01280488043635e-05	0.0340307263978012	102.215962481886	-12.2159624818864	100.742493969788	-10.7424939697881	0.0595895104746367	-0.0113053343475816	-0.0129010868076323	0.0620093411038652
100	0.0339050034089159	-0.00682258175190087	-0.0125164470120916	0.0011495492561586	4.65476217613707e-05	0.000156661445806497	0.0367798630194087	110.262242042045	-20.2622420420454	101.377481415368	-11.377481415368	0.0617802540249925	-0.0124318180610439	-0.0228069369753856	0.0670187008371149
