FQuads	FAdd	FRet	Faext	QuadsBMom	AddBMom	RetBMom	
0.000000e+00	-7.385706e-02	0.000000e+00	-5.077170e-02	0.000000e+00	-0.000000e+00	0.000000e+00	
0.000000e+00	-7.564990e-02	0.000000e+00	-5.378552e-02	0.000000e+00	-0.000000e+00	0.000000e+00	
0.000000e+00	-7.752009e-02	0.000000e+00	-5.617359e-02	0.000000e+00	-0.000000e+00	0.000000e+00	
0.000000e+00	-7.961849e-02	0.000000e+00	-5.785640e-02	0.000000e+00	-0.000000e+00	0.000000e+00	
0.000000e+00	-8.194607e-02	0.000000e+00	-5.874534e-02	0.000000e+00	-0.000000e+00	0.000000e+00	
0.000000e+00	-8.454353e-02	0.000000e+00	-5.876307e-02	0.000000e+00	-0.000000e+00	0.000000e+00	
6.929146e-03	-8.748582e-02	0.000000e+00	-5.788714e-02	1.179422e-05	-0.000000e+00	0.000000e+00	
1.944111e-02	-9.069701e-02	0.000000e+00	-5.615893e-02	3.309104e-05	-0.000000e+00	0.000000e+00	
3.400277e-02	-9.400798e-02	0.000000e+00	-5.368729e-02	5.787670e-05	-0.000000e+00	0.000000e+00	
5.130992e-02	-9.732652e-02	0.000000e+00	-5.063975e-02	8.733550e-05	-0.000000e+00	0.000000e+00	
7.242670e-02	-1.004182e-01	0.000000e+00	-4.718900e-02	1.232787e-04	-0.000000e+00	0.000000e+00	
9.879057e-02	-1.028223e-01	0.000000e+00	-4.353525e-02	1.681531e-04	-0.000000e+00	0.000000e+00	
1.318063e-01	-1.040850e-01	0.000000e+00	-3.990739e-02	2.243498e-04	-0.000000e+00	0.000000e+00	
1.728760e-01	-1.037844e-01	0.000000e+00	-3.654925e-02	2.942553e-04	-0.000000e+00	0.000000e+00	
2.223243e-01	-1.019011e-01	0.000000e+00	-3.366196e-02	3.784220e-04	-0.000000e+00	0.000000e+00	
2.789644e-01	-9.901649e-02	0.000000e+00	-3.132658e-02	4.748301e-04	-0.000000e+00	0.000000e+00	
3.411017e-01	-9.597524e-02	0.000000e+00	-2.951843e-02	5.805951e-04	-0.000000e+00	0.000000e+00	
4.067716e-01	-9.366425e-02	0.000000e+00	-2.817487e-02	6.923731e-04	-0.000000e+00	0.000000e+00	
4.743133e-01	-9.270307e-02	0.000000e+00	-2.725946e-02	8.073369e-04	-0.000000e+00	0.000000e+00	
5.428030e-01	-9.346068e-02	0.000000e+00	-2.669378e-02	9.239144e-04	-0.000000e+00	0.000000e+00	
6.114528e-01	-9.630123e-02	0.000000e+00	-2.630072e-02	1.040764e-03	-0.000000e+00	0.000000e+00	
6.794409e-01	-1.014468e-01	0.000000e+00	-2.589315e-02	1.156488e-03	-0.000000e+00	0.000000e+00	
7.459518e-01	-1.089874e-01	0.000000e+00	-2.526403e-02	1.269697e-03	-0.000000e+00	0.000000e+00	
8.105235e-01	-1.188626e-01	0.000000e+00	-2.423204e-02	1.379606e-03	-0.000000e+00	0.000000e+00	
8.724886e-01	-1.309922e-01	0.000000e+00	-2.271456e-02	1.485078e-03	-0.000000e+00	0.000000e+00	
9.306724e-01	-1.453405e-01	0.000000e+00	-2.077946e-02	1.584114e-03	-0.000000e+00	0.000000e+00	
9.832022e-01	-1.621277e-01	0.000000e+00	-1.854692e-02	1.673525e-03	-0.000000e+00	0.000000e+00	
1.026493e+00	-1.818297e-01	0.000000e+00	-1.611798e-02	1.747211e-03	-0.000000e+00	0.000000e+00	
1.056504e+00	-2.046235e-01	0.000000e+00	-1.364344e-02	1.798293e-03	-0.000000e+00	0.000000e+00	
1.069336e+00	-2.303974e-01	0.000000e+00	-1.122983e-02	1.820135e-03	-0.000000e+00	0.000000e+00	
1.062197e+00	-2.587960e-01	0.000000e+00	-8.848812e-03	1.807984e-03	-0.000000e+00	0.000000e+00	
1.036364e+00	-2.890442e-01	0.000000e+00	-6.354848e-03	1.764013e-03	-0.000000e+00	0.000000e+00	
9.948672e-01	-3.204205e-01	0.000000e+00	-3.656246e-03	1.693381e-03	-0.000000e+00	0.000000e+00	
9.412615e-01	-3.525431e-01	0.000000e+00	-6.787940e-04	1.602138e-03	-0.000000e+00	0.000000e+00	
8.753086e-01	-3.852829e-01	0.000000e+00	0.000000e+00	1.489878e-03	-0.000000e+00	0.000000e+00	
8.016001e-01	-4.186613e-01	2.724812e-02	0.000000e+00	1.364418e-03	-0.000000e+00	3.257831e-05	
7.218625e-01	-4.527929e-01	6.886293e-02	0.000000e+00	1.228695e-03	-0.000000e+00	8.233369e-05	
6.368433e-01	-4.878146e-01	1.089166e-01	0.000000e+00	1.083982e-03	-0.000000e+00	1.302226e-04	
5.473973e-01	-5.237199e-01	1.474875e-01	0.000000e+00	9.317344e-04	-0.000000e+00	1.763386e-04	
4.545485e-01	-5.602640e-01	1.847000e-01	0.000000e+00	7.736949e-04	-0.000000e+00	2.208305e-04	
3.595266e-01	-5.970718e-01	2.206588e-01	0.000000e+00	6.119565e-04	-0.000000e+00	2.638234e-04	
2.634657e-01	-6.337071e-01	2.555122e-01	0.000000e+00	4.484495e-04	-0.000000e+00	3.054948e-04	
1.662225e-01	-6.696529e-01	2.897277e-01	-5.596362e-04	2.829301e-04	-0.000000e+00	3.464033e-04	
6.209149e-02	-7.044731e-01	3.246674e-01	-5.885533e-03	1.056870e-04	-0.000000e+00	3.881779e-04	
0.000000e+00	-7.377924e-01	3.510946e-01	-1.155257e-02	0.000000e+00	-0.000000e+00	4.197747e-04	
0.000000e+00	-7.703122e-01	3.618114e-01	-1.653138e-02	0.000000e+00	-0.000000e+00	4.325879e-04	
0.000000e+00	-7.991751e-01	3.743555e-01	-2.129280e-02	0.000000e+00	-0.000000e+00	4.475858e-04	
0.000000e+00	-8.252644e-01	3.854334e-01	-2.503390e-02	0.000000e+00	-0.000000e+00	4.608308e-04	
0.000000e+00	-8.487767e-01	3.952474e-01	-2.817626e-02	0.000000e+00	-0.000000e+00	4.725646e-04	
0.000000e+00	-8.699577e-01	4.041291e-01	-3.121062e-02	0.000000e+00	-0.000000e+00	4.831837e-04	
0.000000e+00	-8.891530e-01	4.124139e-01	-3.449625e-02	0.000000e+00	-0.000000e+00	4.930891e-04	
0.000000e+00	-9.066726e-01	4.202961e-01	-3.818438e-02	0.000000e+00	-0.000000e+00	5.025132e-04	
0.000000e+00	-9.224889e-01	4.275654e-01	-4.200588e-02	0.000000e+00	-0.000000e+00	5.112045e-04	
0.000000e+00	-9.364811e-01	4.338892e-01	-4.558120e-02	0.000000e+00	-0.000000e+00	5.187654e-04	
0.000000e+00	-9.485640e-01	4.389070e-01	-4.853355e-02	0.000000e+00	-0.000000e+00	5.247646e-04	
0.000000e+00	-9.585725e-01	4.423044e-01	-5.057082e-02	0.000000e+00	-0.000000e+00	5.288266e-04	
0.000000e+00	-9.664662e-01	4.440476e-01	-5.136915e-02	0.000000e+00	-0.000000e+00	5.309108e-04	
0.000000e+00	-9.724927e-01	4.442578e-01	-5.059988e-02	0.000000e+00	-0.000000e+00	5.311622e-04	
0.000000e+00	-9.770670e-01	4.431543e-01	-4.804630e-02	0.000000e+00	-0.000000e+00	5.298428e-04	
0.000000e+00	-9.806097e-01	4.410561e-01	-4.366196e-02	0.000000e+00	-0.000000e+00	5.273341e-04	
0.000000e+00	-9.834379e-01	4.381035e-01	-3.772022e-02	0.000000e+00	-0.000000e+00	5.238041e-04	
0.000000e+00	-9.858452e-01	4.342908e-01	-3.067141e-02	0.000000e+00	-0.000000e+00	5.192454e-04	
0.000000e+00	-9.880293e-01	4.296670e-01	-2.304515e-02	0.000000e+00	-0.000000e+00	5.137172e-04	
0.000000e+00	-9.900919e-01	4.243185e-01	-1.538417e-02	0.000000e+00	-0.000000e+00	5.073225e-04	
0.000000e+00	-9.920373e-01	4.182274e-01	-8.098759e-03	0.000000e+00	-0.000000e+00	5.000397e-04	
0.000000e+00	-9.936870e-01	4.113704e-01	-1.530642e-03	0.000000e+00	-0.000000e+00	4.918415e-04	
0.000000e+00	-9.949314e-01	4.041967e-01	0.000000e+00	0.000000e+00	-0.000000e+00	4.832645e-04	
0.000000e+00	-9.950581e-01	3.956175e-01	0.000000e+00	0.000000e+00	-0.000000e+00	4.730070e-04	
0.000000e+00	-9.942434e-01	3.863642e-01	0.000000e+00	0.000000e+00	-0.000000e+00	4.619436e-04	
0.000000e+00	-9.926320e-01	3.775781e-01	0.000000e+00	0.000000e+00	-0.000000e+00	4.514388e-04	
0.000000e+00	-9.903869e-01	3.705043e-01	0.000000e+00	0.000000e+00	-0.000000e+00	4.429812e-04	
0.000000e+00	-9.878113e-01	3.663681e-01	0.000000e+00	0.000000e+00	-0.000000e+00	4.380360e-04	
0.000000e+00	-9.850097e-01	3.659948e-01	0.000000e+00	0.000000e+00	-0.000000e+00	4.375896e-04	
0.000000e+00	-9.816426e-01	3.692100e-01	-1.125766e-03	0.000000e+00	-0.000000e+00	4.414338e-04	
0.000000e+00	-9.773591e-01	3.755178e-01	-7.785473e-03	0.000000e+00	-0.000000e+00	4.489754e-04	
0.000000e+00	-9.718099e-01	3.842005e-01	-1.502377e-02	0.000000e+00	-0.000000e+00	4.593566e-04	
0.000000e+00	-9.647321e-01	3.943674e-01	-2.239297e-02	0.000000e+00	-0.000000e+00	4.715124e-04	
0.000000e+00	-9.564114e-01	4.046556e-01	-2.931662e-02	0.000000e+00	-0.000000e+00	4.838132e-04	
0.000000e+00	-9.473818e-01	4.134986e-01	-3.523832e-02	0.000000e+00	-0.000000e+00	4.943860e-04	
0.000000e+00	-9.381947e-01	4.193753e-01	-3.964517e-02	0.000000e+00	-0.000000e+00	5.014123e-04	
0.000000e+00	-9.293826e-01	4.210805e-01	-4.212313e-02	0.000000e+00	-0.000000e+00	5.034511e-04	
0.000000e+00	-9.214843e-01	4.186959e-01	-4.261050e-02	0.000000e+00	-0.000000e+00	5.006000e-04	
0.000000e+00	-9.151117e-01	4.130293e-01	-4.119829e-02	0.000000e+00	-0.000000e+00	4.938248e-04	
0.000000e+00	-9.108407e-01	4.051587e-01	-3.802266e-02	0.000000e+00	-0.000000e+00	4.844146e-04	
0.000000e+00	-9.093173e-01	3.963541e-01	-3.320533e-02	0.000000e+00	-0.000000e+00	4.738877e-04	
0.000000e+00	-9.195586e-01	4.013786e-01	-9.075500e-03	0.000000e+00	-0.000000e+00	4.798950e-04	
0.000000e+00	-9.274008e-01	3.997891e-01	0.000000e+00	0.000000e+00	-0.000000e+00	4.779946e-04	
0.000000e+00	-9.385565e-01	4.062034e-01	0.000000e+00	0.000000e+00	-0.000000e+00	4.856637e-04	
0.000000e+00	-9.528935e-01	4.238482e-01	0.000000e+00	0.000000e+00	-0.000000e+00	5.067601e-04	
0.000000e+00	-9.702628e-01	4.535064e-01	0.000000e+00	0.000000e+00	-0.000000e+00	5.422199e-04	
0.000000e+00	-9.903886e-01	4.933780e-01	0.000000e+00	0.000000e+00	-0.000000e+00	5.898911e-04	
0.000000e+00	-1.012929e+00	5.412118e-01	0.000000e+00	0.000000e+00	-0.000000e+00	6.470821e-04	
0.000000e+00	-1.037622e+00	5.942972e-01	0.000000e+00	0.000000e+00	-0.000000e+00	7.105519e-04	
0.000000e+00	-1.064526e+00	6.492729e-01	0.000000e+00	0.000000e+00	-0.000000e+00	7.762817e-04	
0.000000e+00	-1.094490e+00	7.021112e-01	0.000000e+00	0.000000e+00	-0.000000e+00	8.394561e-04	
0.000000e+00	-1.128826e+00	7.485518e-01	0.000000e+00	0.000000e+00	-0.000000e+00	8.949813e-04	
0.000000e+00	-1.168907e+00	7.842051e-01	0.000000e+00	0.000000e+00	-0.000000e+00	9.376090e-04	
0.000000e+00	-1.215803e+00	8.046230e-01	0.000000e+00	0.000000e+00	-0.000000e+00	9.620209e-04	
0.000000e+00	-1.270261e+00	8.053170e-01	0.000000e+00	0.000000e+00	-0.000000e+00	9.628507e-04	
0.000000e+00	-1.354238e+00	9.086210e-01	0.000000e+00	0.000000e+00	-0.000000e+00	1.086363e-03	
0.000000e+00	-1.453402e+00	8.735210e-01	0.000000e+00	0.000000e+00	-0.000000e+00	1.044397e-03	
