KneeAng	AnkAng	MPAng	DotMPAng	Yaw	  Pitch	FemTVAng	FemHZAng	FemHZAngP	TibPSAng	TibPSAngYaw	TibHZAng	TibHZAngP	
1.056581e+02	1.348484e+02	1.663172e+02	1.663172e+02	-5.118338e+00	1.347128e+02	9.533986e+01	-1.972334e+01	6.225456e+00	6.270329e+00	2.866289e+00	-4.809870e+01	3.178131e+00	
1.037607e+02	1.354569e+02	1.691650e+02	1.691650e+02	-5.955155e+00	1.340277e+02	9.302923e+01	-1.952835e+01	6.894405e+00	6.966254e+00	2.976758e+00	-4.768716e+01	2.168981e+00	
1.014442e+02	1.344171e+02	1.700605e+02	1.700605e+02	-6.320537e+00	1.334066e+02	9.125522e+01	-1.902831e+01	7.369308e+00	7.955921e+00	3.730640e+00	-4.770314e+01	1.708854e+00	
9.885630e+01	1.322996e+02	1.694100e+02	1.694100e+02	-6.307165e+00	1.328378e+02	8.990525e+01	-1.829485e+01	7.705583e+00	9.130089e+00	4.951285e+00	-4.800374e+01	1.643741e+00	
9.613186e+01	1.297388e+02	1.679068e+02	1.679068e+02	-6.007539e+00	1.323185e+02	8.886687e+01	-1.740672e+01	7.965506e+00	1.038160e+01	6.452871e+00	-4.843517e+01	1.810635e+00	
9.339893e+01	1.274591e+02	1.664608e+02	1.664608e+02	-5.516112e+00	1.318554e+02	8.802709e+01	-1.645121e+01	8.217715e+00	1.161336e+01	8.056314e+00	-4.884509e+01	2.047129e+00	
9.077071e+01	1.260375e+02	1.658047e+02	1.658047e+02	-4.927182e+00	1.314402e+02	8.727962e+01	-1.550200e+01	8.512526e+00	1.274120e+01	9.602225e+00	-4.911937e+01	2.204248e+00	
8.832674e+01	1.254502e+02	1.660125e+02	1.660125e+02	-4.330008e+00	1.309989e+02	8.653333e+01	-1.457211e+01	8.840778e+00	1.368461e+01	1.095025e+01	-4.923881e+01	2.156875e+00	
8.612866e+01	1.255233e+02	1.670019e+02	1.670019e+02	-3.815959e+00	1.304428e+02	8.568757e+01	-1.365536e+01	9.191725e+00	1.436159e+01	1.196236e+01	-4.921032e+01	1.786536e+00	
8.413916e+01	1.259997e+02	1.684526e+02	1.684526e+02	-3.423265e+00	1.298127e+02	8.461987e+01	-1.275583e+01	9.648467e+00	1.476077e+01	1.260901e+01	-4.907867e+01	1.161780e+00	
8.223167e+01	1.265472e+02	1.697867e+02	1.697867e+02	-3.132424e+00	1.292931e+02	8.319637e+01	-1.188997e+01	1.037173e+01	1.494288e+01	1.297029e+01	-4.892280e+01	5.534260e-01	
8.031448e+01	1.269109e+02	1.705402e+02	1.705402e+02	-2.928514e+00	1.290257e+02	8.134105e+01	-1.106822e+01	1.144645e+01	1.497152e+01	1.312355e+01	-4.880839e+01	1.840499e-01	
7.842806e+01	1.271057e+02	1.707783e+02	1.707783e+02	-2.826499e+00	1.289062e+02	7.920722e+01	-1.028324e+01	1.270693e+01	1.491224e+01	1.312589e+01	-4.875008e+01	-1.155648e-02	
7.664983e+01	1.272053e+02	1.706996e+02	1.706996e+02	-2.845173e+00	1.287644e+02	7.700858e+01	-9.529808e+00	1.394674e+01	1.482890e+01	1.302977e+01	-4.875197e+01	-1.731447e-01	
7.506986e+01	1.271718e+02	1.704699e+02	1.704699e+02	-2.981210e+00	1.285061e+02	7.487717e+01	-8.793107e+00	1.505624e+01	1.471293e+01	1.283168e+01	-4.888599e+01	-3.191297e-01	
7.379031e+01	1.268571e+02	1.702260e+02	1.702260e+02	-3.211948e+00	1.281163e+02	7.285684e+01	-8.043226e+00	1.600886e+01	1.448278e+01	1.247105e+01	-4.929158e+01	-3.438997e-01	
7.288647e+01	1.261248e+02	1.700756e+02	1.700756e+02	-3.513270e+00	1.276021e+02	7.097288e+01	-7.256686e+00	1.679715e+01	1.407278e+01	1.190566e+01	-5.007494e+01	-1.504741e-01	
7.232250e+01	1.249032e+02	1.699938e+02	1.699938e+02	-3.844695e+00	1.270542e+02	6.921385e+01	-6.443480e+00	1.746815e+01	1.349458e+01	1.117691e+01	-5.120383e+01	3.194790e-01	
7.203623e+01	1.231461e+02	1.699041e+02	1.699041e+02	-4.154141e+00	1.265924e+02	6.756801e+01	-5.620463e+00	1.807086e+01	1.277781e+01	1.034809e+01	-5.261450e+01	1.126001e+00	
7.195615e+01	1.210968e+02	1.697750e+02	1.697750e+02	-4.409904e+00	1.262839e+02	6.602924e+01	-4.793711e+00	1.862319e+01	1.196370e+01	9.477073e+00	-5.422921e+01	2.268250e+00	
7.199933e+01	1.192883e+02	1.697122e+02	1.697122e+02	-4.610401e+00	1.261332e+02	6.459065e+01	-3.961055e+00	1.911844e+01	1.110757e+01	8.613866e+00	-5.595362e+01	3.671068e+00	
7.209653e+01	1.181374e+02	1.698292e+02	1.698292e+02	-4.759726e+00	1.261235e+02	6.324549e+01	-3.123215e+00	1.955067e+01	1.025517e+01	7.794211e+00	-5.770230e+01	5.243360e+00	
7.222498e+01	1.175499e+02	1.700277e+02	1.700277e+02	-4.864055e+00	1.261765e+02	6.198548e+01	-2.282573e+00	1.992930e+01	9.408041e+00	7.008995e+00	-5.941932e+01	6.850836e+00	
7.236360e+01	1.173052e+02	1.701516e+02	1.701516e+02	-4.927617e+00	1.262012e+02	6.080276e+01	-1.440403e+00	2.027516e+01	8.561409e+00	6.243666e+00	-6.105057e+01	8.346612e+00	
7.251683e+01	1.171009e+02	1.701315e+02	1.701315e+02	-4.896004e+00	1.261718e+02	5.977836e+01	-6.109352e-01	2.058559e+01	7.731832e+00	5.536355e+00	-6.259455e+01	9.708293e+00	
7.272275e+01	1.165506e+02	1.700367e+02	1.700367e+02	-4.655568e+00	1.261288e+02	5.908341e+01	1.780753e-01	2.082668e+01	6.953704e+00	4.968949e+00	-6.410924e+01	1.104410e+01	
7.300628e+01	1.154126e+02	1.699919e+02	1.699919e+02	-4.135647e+00	1.260882e+02	5.882421e+01	9.005191e-01	2.098497e+01	6.256500e+00	4.588501e+00	-6.563354e+01	1.241561e+01	
7.334011e+01	1.140364e+02	1.699901e+02	1.699901e+02	-3.426640e+00	1.259518e+02	5.885927e+01	1.533903e+00	2.114667e+01	5.648762e+00	4.345552e+00	-6.711947e+01	1.367512e+01	
7.370019e+01	1.128931e+02	1.699607e+02	1.699607e+02	-2.637528e+00	1.255955e+02	5.900900e+01	2.054965e+00	2.142611e+01	5.127918e+00	4.182744e+00	-6.851176e+01	1.463977e+01	
7.408930e+01	1.121009e+02	1.698724e+02	1.698724e+02	-1.816749e+00	1.250458e+02	5.916889e+01	2.469797e+00	2.186040e+01	4.657897e+00	4.044215e+00	-6.980169e+01	1.531800e+01	
7.451987e+01	1.114398e+02	1.697524e+02	1.697524e+02	-9.770219e-01	1.244824e+02	5.928450e+01	2.816167e+00	2.240015e+01	4.174822e+00	3.863568e+00	-7.100827e+01	1.589528e+01	
7.500190e+01	1.107581e+02	1.696412e+02	1.696412e+02	-1.366158e-01	1.240584e+02	5.932255e+01	3.122634e+00	2.298447e+01	3.630429e+00	3.589334e+00	-7.213710e+01	1.652239e+01	
7.556631e+01	1.101970e+02	1.695018e+02	1.695018e+02	7.023697e-01	1.237906e+02	5.936478e+01	3.374371e+00	2.354640e+01	3.029350e+00	3.229134e+00	-7.318874e+01	1.722192e+01	
7.624584e+01	1.099579e+02	1.692508e+02	1.692508e+02	1.533697e+00	1.236601e+02	5.950720e+01	3.547268e+00	2.402327e+01	2.388454e+00	2.801525e+00	-7.416635e+01	1.798689e+01	
7.704411e+01	1.100223e+02	1.688614e+02	1.688614e+02	2.348262e+00	1.236136e+02	5.977223e+01	3.623149e+00	2.441908e+01	1.735414e+00	2.334697e+00	-7.507706e+01	1.878067e+01	
7.794161e+01	1.101556e+02	1.684229e+02	1.684229e+02	3.146387e+00	1.235617e+02	6.012416e+01	3.588327e+00	2.480397e+01	1.108524e+00	1.868972e+00	-7.593455e+01	1.953532e+01	
7.890605e+01	1.101515e+02	1.680576e+02	1.680576e+02	3.915871e+00	1.234209e+02	6.051461e+01	3.455977e+00	2.523117e+01	5.341567e-01	1.428466e+00	-7.675994e+01	2.019054e+01	
7.983192e+01	1.099386e+02	1.678128e+02	1.678128e+02	4.574097e+00	1.231456e+02	6.083112e+01	3.350059e+00	2.566668e+01	-1.799961e+02	-4.499961e+02	-7.757386e+01	2.071947e+01	
8.059240e+01	1.094788e+02	1.677076e+02	1.677076e+02	5.038853e+00	1.227022e+02	6.096386e+01	3.418108e+00	2.605653e+01	-1.794718e+02	-4.494718e+02	-7.838634e+01	2.109941e+01	
8.118116e+01	1.087409e+02	1.677665e+02	1.677665e+02	5.316683e+00	1.221434e+02	6.091243e+01	3.663027e+00	2.638689e+01	-1.789561e+02	-4.489561e+02	-7.918247e+01	2.137209e+01	
8.172186e+01	1.076976e+02	1.680162e+02	1.680162e+02	5.487816e+00	1.216166e+02	6.077023e+01	3.940101e+00	2.667816e+01	-1.784571e+02	-4.484571e+02	-7.993173e+01	2.165783e+01	
8.232719e+01	1.063846e+02	1.684238e+02	1.684238e+02	5.622101e+00	1.212512e+02	6.061297e+01	4.122674e+00	2.694708e+01	-1.779798e+02	-4.479798e+02	-8.061424e+01	2.206903e+01	
8.302680e+01	1.051163e+02	1.687750e+02	1.687750e+02	5.758274e+00	1.210558e+02	6.045704e+01	4.188408e+00	2.721749e+01	-1.775207e+02	-4.475207e+02	-8.123999e+01	2.262897e+01	
8.383226e+01	1.042769e+02	1.688513e+02	1.688513e+02	5.926673e+00	1.210037e+02	6.030338e+01	4.141891e+00	2.751872e+01	-1.770722e+02	-4.470722e+02	-8.182438e+01	2.333469e+01	
8.472595e+01	1.039549e+02	1.686268e+02	1.686268e+02	6.156611e+00	1.210464e+02	6.015402e+01	3.992551e+00	2.788567e+01	-1.766300e+02	-4.466300e+02	-8.234261e+01	2.412203e+01	
8.565422e+01	1.039363e+02	1.682545e+02	1.682545e+02	6.480064e+00	1.211162e+02	6.001635e+01	3.754465e+00	2.835720e+01	-1.761966e+02	-4.461966e+02	-8.273465e+01	2.486274e+01	
8.656865e+01	1.040382e+02	1.678794e+02	1.678794e+02	6.918184e+00	1.211496e+02	5.990081e+01	3.445301e+00	2.895797e+01	-1.757772e+02	-4.457772e+02	-8.297163e+01	2.545186e+01	
8.746815e+01	1.042395e+02	1.674820e+02	1.674820e+02	7.423517e+00	1.211009e+02	5.980254e+01	3.096137e+00	2.965607e+01	-1.753805e+02	-4.453805e+02	-8.311537e+01	2.589992e+01	
8.836789e+01	1.045499e+02	1.669919e+02	1.669919e+02	7.926313e+00	1.209298e+02	5.970666e+01	2.740027e+00	3.040647e+01	-1.750152e+02	-4.450152e+02	-8.323864e+01	2.624854e+01	
8.931947e+01	1.048249e+02	1.664345e+02	1.664345e+02	8.413111e+00	1.206524e+02	5.965586e+01	2.385651e+00	3.115344e+01	-1.746812e+02	-4.446812e+02	-8.339067e+01	2.659909e+01	
9.040954e+01	1.047737e+02	1.659490e+02	1.659490e+02	8.933468e+00	1.203415e+02	5.975813e+01	2.017131e+00	3.182949e+01	-1.743696e+02	-4.443696e+02	-8.358134e+01	2.711224e+01	
9.167135e+01	1.042490e+02	1.656253e+02	1.656253e+02	9.532267e+00	1.200469e+02	6.008587e+01	1.633087e+00	3.239179e+01	-1.740731e+02	-4.440731e+02	-8.374207e+01	2.787181e+01	
9.291910e+01	1.036775e+02	1.652916e+02	1.652916e+02	1.022749e+01	1.197185e+02	6.055660e+01	1.298553e+00	3.290031e+01	-1.737878e+02	-4.437878e+02	-8.372533e+01	2.864822e+01	
9.391758e+01	1.036191e+02	1.646948e+02	1.646948e+02	1.103238e+01	1.192832e+02	6.105182e+01	1.096631e+00	3.343982e+01	-1.735090e+02	-4.435090e+02	-8.350873e+01	2.914334e+01	
9.458430e+01	1.042829e+02	1.636993e+02	1.636993e+02	1.190337e+01	1.187738e+02	6.146255e+01	1.071817e+00	3.402585e+01	-1.732342e+02	-4.432342e+02	-8.318863e+01	2.933606e+01	
9.499108e+01	1.055132e+02	1.623182e+02	1.623182e+02	1.273294e+01	1.183383e+02	6.168498e+01	1.226958e+00	3.459904e+01	-1.729643e+02	-4.429643e+02	-8.282736e+01	2.949072e+01	
9.523094e+01	1.070913e+02	1.606300e+02	1.606300e+02	1.342090e+01	1.180754e+02	6.164000e+01	1.546264e+00	3.511246e+01	-1.726971e+02	-4.426971e+02	-8.242673e+01	2.981751e+01	
9.544409e+01	1.086644e+02	1.588744e+02	1.588744e+02	1.392782e+01	1.178309e+02	6.135713e+01	1.952798e+00	3.561534e+01	-1.724128e+02	-4.424128e+02	-8.195240e+01	3.022652e+01	
9.577587e+01	1.098448e+02	1.573544e+02	1.573544e+02	1.423745e+01	1.173906e+02	6.089307e+01	2.360252e+00	3.619160e+01	-1.720875e+02	-4.420875e+02	-8.135604e+01	3.055613e+01	
9.625036e+01	1.105278e+02	1.561658e+02	1.561658e+02	1.438068e+01	1.167449e+02	6.029590e+01	2.769036e+00	3.683796e+01	-1.717036e+02	-4.417036e+02	-8.060441e+01	3.080824e+01	
9.676988e+01	1.109059e+02	1.551679e+02	1.551679e+02	1.443093e+01	1.160973e+02	5.960954e+01	3.263424e+00	3.744449e+01	-1.712506e+02	-4.412506e+02	-7.969577e+01	3.115292e+01	
9.725468e+01	1.111766e+02	1.542204e+02	1.542204e+02	1.446048e+01	1.156244e+02	5.889984e+01	3.901731e+00	3.790420e+01	-1.707263e+02	-4.407263e+02	-7.864812e+01	3.172992e+01	
9.772877e+01	1.114812e+02	1.532658e+02	1.532658e+02	1.453357e+01	1.153239e+02	5.829737e+01	4.631277e+00	3.818931e+01	-1.701533e+02	-4.401533e+02	-7.749898e+01	3.251630e+01	
9.858976e+01	1.112074e+02	1.531724e+02	1.531724e+02	1.470881e+01	1.151445e+02	5.793659e+01	5.373860e+00	3.830137e+01	-1.690449e+02	-4.390449e+02	-7.589043e+01	3.338754e+01	
9.921332e+01	1.118527e+02	1.519902e+02	1.519902e+02	1.499964e+01	1.150418e+02	5.783037e+01	6.083449e+00	3.828489e+01	-1.684211e+02	-4.384211e+02	-7.460100e+01	3.444344e+01	
1.000131e+02	1.127000e+02	1.505016e+02	1.505016e+02	1.537957e+01	1.149805e+02	5.787804e+01	6.747561e+00	3.822160e+01	-1.677440e+02	-4.377440e+02	-7.317308e+01	3.563597e+01	
1.010194e+02	1.136406e+02	1.486945e+02	1.486945e+02	1.581603e+01	1.149292e+02	5.798137e+01	7.364165e+00	3.817954e+01	-1.669981e+02	-4.369981e+02	-7.157725e+01	3.695248e+01	
1.021419e+02	1.143497e+02	1.469995e+02	1.469995e+02	1.623185e+01	1.148684e+02	5.805032e+01	7.954888e+00	3.816728e+01	-1.662019e+02	-4.362019e+02	-6.988105e+01	3.829780e+01	
1.032589e+02	1.145687e+02	1.458374e+02	1.458374e+02	1.653375e+01	1.147834e+02	5.799442e+01	8.545083e+00	3.817779e+01	-1.653822e+02	-4.353822e+02	-6.818235e+01	3.955853e+01	
1.042962e+02	1.145987e+02	1.449970e+02	1.449970e+02	1.671640e+01	1.146961e+02	5.781133e+01	9.171679e+00	3.817742e+01	-1.645520e+02	-4.345520e+02	-6.652168e+01	4.072182e+01	
1.052450e+02	1.162355e+02	1.429116e+02	1.429116e+02	1.687031e+01	1.146656e+02	5.759571e+01	9.883589e+00	3.810231e+01	-1.637038e+02	-4.337038e+02	-6.486139e+01	4.188501e+01	
1.061290e+02	1.179781e+02	1.407573e+02	1.407573e+02	1.706003e+01	1.147440e+02	5.743087e+01	1.071221e+01	3.788795e+01	-1.628473e+02	-4.328473e+02	-6.314854e+01	4.316735e+01	
1.069984e+02	1.200996e+02	1.384363e+02	1.384363e+02	1.722189e+01	1.149479e+02	5.731128e+01	1.162837e+01	3.749121e+01	-1.621050e+02	-4.321050e+02	-6.136667e+01	4.471812e+01	
1.078948e+02	1.217574e+02	1.368841e+02	1.368841e+02	1.726429e+01	1.152859e+02	5.720568e+01	1.259304e+01	3.687832e+01	-1.616396e+02	-4.316396e+02	-5.951209e+01	4.669407e+01	
1.089026e+02	1.228436e+02	1.359411e+02	1.359411e+02	1.720498e+01	1.157997e+02	5.715646e+01	1.354506e+01	3.603243e+01	-1.615299e+02	-4.315299e+02	-5.753713e+01	4.922786e+01	
1.101607e+02	1.238670e+02	1.344858e+02	1.344858e+02	1.716560e+01	1.165648e+02	5.727490e+01	1.439766e+01	3.495108e+01	-1.617610e+02	-4.317610e+02	-5.533985e+01	5.242510e+01	
1.117409e+02	1.251234e+02	1.317779e+02	1.317779e+02	1.723933e+01	1.176004e+02	5.762919e+01	1.509722e+01	3.366303e+01	-1.622912e+02	-4.322912e+02	-5.283864e+01	5.627578e+01	
1.134701e+02	1.263114e+02	1.283167e+02	1.283167e+02	1.741667e+01	1.186880e+02	5.814252e+01	1.572496e+01	3.232448e+01	-1.629629e+02	-4.329629e+02	-5.010995e+01	6.031624e+01	
1.151514e+02	1.272231e+02	1.249116e+02	1.249116e+02	1.766431e+01	1.195539e+02	5.870518e+01	1.639342e+01	3.112467e+01	-1.635718e+02	-4.335718e+02	-4.730949e+01	6.397578e+01	
1.167031e+02	1.277642e+02	1.222106e+02	1.222106e+02	1.790714e+01	1.200671e+02	5.916586e+01	1.716553e+01	3.018019e+01	-1.639986e+02	-4.339986e+02	-4.456244e+01	6.694763e+01	
1.181242e+02	1.278190e+02	1.206328e+02	1.206328e+02	1.802668e+01	1.202433e+02	5.932930e+01	1.805099e+01	2.953263e+01	-1.642205e+02	-4.342205e+02	-4.194886e+01	6.918217e+01	
1.194107e+02	1.273801e+02	1.202642e+02	1.202642e+02	1.791722e+01	1.201590e+02	5.904227e+01	1.903843e+01	2.917150e+01	-1.642530e+02	-4.342530e+02	-3.954102e+01	7.072930e+01	
1.205690e+02	1.266240e+02	1.204809e+02	1.204809e+02	1.753992e+01	1.200927e+02	5.833256e+01	2.006136e+01	2.888439e+01	-1.642723e+02	-4.342723e+02	-3.733515e+01	7.195427e+01	
1.216002e+02	1.256600e+02	1.205697e+02	1.205697e+02	1.687861e+01	1.203527e+02	5.727143e+01	2.104032e+01	2.841168e+01	-1.645046e+02	-4.345046e+02	-3.530107e+01	7.322986e+01	
1.225107e+02	1.245503e+02	1.201713e+02	1.201713e+02	1.604818e+01	1.210043e+02	5.597988e+01	2.187540e+01	2.773192e+01	-1.650816e+02	-4.350816e+02	-3.347351e+01	7.461568e+01	
1.233207e+02	1.233416e+02	1.193438e+02	1.193438e+02	1.529842e+01	1.218781e+02	5.463328e+01	2.244126e+01	2.707771e+01	-1.660348e+02	-4.360348e+02	-3.194737e+01	7.598744e+01	
1.240311e+02	1.220136e+02	1.183642e+02	1.183642e+02	1.483546e+01	1.227844e+02	5.339199e+01	2.265994e+01	2.666823e+01	-1.673815e+02	-4.373815e+02	-3.077980e+01	7.732962e+01	
1.245641e+02	1.204974e+02	1.177352e+02	1.177352e+02	1.464623e+01	1.234914e+02	5.233830e+01	2.265444e+01	2.657604e+01	-1.690533e+02	-4.390533e+02	-2.991258e+01	7.866341e+01	
1.248288e+02	1.188213e+02	1.178533e+02	1.178533e+02	1.465747e+01	1.237812e+02	5.152337e+01	2.259700e+01	2.682840e+01	-1.709410e+02	-4.409410e+02	-2.926888e+01	8.006117e+01	
1.249385e+02	1.171176e+02	1.188512e+02	1.188512e+02	1.475765e+01	1.237175e+02	5.084792e+01	2.258547e+01	2.732041e+01	-1.728347e+02	-4.428347e+02	-2.871484e+01	8.140727e+01	
1.252346e+02	1.156074e+02	1.206632e+02	1.206632e+02	1.479458e+01	1.236338e+02	5.006463e+01	2.264205e+01	2.780964e+01	-1.744102e+02	-4.444102e+02	-2.805802e+01	8.221330e+01	
1.259880e+02	1.145663e+02	1.230922e+02	1.230922e+02	1.464431e+01	1.237812e+02	4.897951e+01	2.278262e+01	2.810100e+01	-1.753781e+02	-4.453781e+02	-2.718759e+01	8.203217e+01	
1.270170e+02	1.143027e+02	1.255466e+02	1.255466e+02	1.431225e+01	1.240576e+02	4.764202e+01	2.301830e+01	2.824398e+01	-1.757336e+02	-4.457336e+02	-2.628915e+01	8.121239e+01	
1.279923e+02	1.150988e+02	1.273845e+02	1.273845e+02	1.383837e+01	1.242811e+02	4.617971e+01	2.335716e+01	2.834641e+01	-1.755667e+02	-4.455667e+02	-2.560281e+01	8.033601e+01	
1.287087e+02	1.168824e+02	1.283968e+02	1.283968e+02	1.330086e+01	1.243730e+02	4.477277e+01	2.376449e+01	2.845396e+01	-1.750106e+02	-4.450106e+02	-2.520613e+01	7.966346e+01	
1.291433e+02	1.191941e+02	1.288267e+02	1.288267e+02	1.281269e+01	1.243531e+02	4.361985e+01	2.416812e+01	2.855853e+01	-1.742280e+02	-4.442280e+02	-2.502125e+01	7.915646e+01	
1.293412e+02	1.216147e+02	1.289742e+02	1.289742e+02	1.246082e+01	1.242515e+02	4.285342e+01	2.452174e+01	2.864582e+01	-1.733341e+02	-4.433341e+02	-2.496667e+01	7.873400e+01	
1.293696e+02	1.241087e+02	1.291262e+02	1.291262e+02	1.224642e+01	1.241228e+02	4.247941e+01	2.486094e+01	2.864617e+01	-1.722837e+02	-4.422837e+02	-2.496979e+01	7.823448e+01	
1.292893e+02	1.267550e+02	1.295550e+02	1.295550e+02	1.215315e+01	1.240249e+02	4.248565e+01	2.523871e+01	2.847360e+01	-1.709971e+02	-4.409971e+02	-2.495497e+01	7.747994e+01	
1.291629e+02	1.295717e+02	1.305308e+02	1.305308e+02	1.217994e+01	1.240082e+02	4.288642e+01	2.569516e+01	2.804902e+01	-1.694244e+02	-4.394244e+02	-2.483730e+01	7.632993e+01	
1.290605e+02	1.324646e+02	1.323123e+02	1.323123e+02	1.234142e+01	1.241165e+02	4.372318e+01	2.625875e+01	2.729977e+01	-1.675508e+02	-4.375508e+02	-2.452453e+01	7.470272e+01	
