StressDVtot	StressDVm	StressDVexternal	StressDVFax	StressAPtot	StressAPm	StressAPexternal	StressAPFax	
4.907496e+05	-4.523870e+05	9.221419e+05	2.099479e+04	8.655198e+05	0.000000e+00	8.713203e+05	-5.800503e+03	
4.963218e+05	-5.015817e+05	9.749729e+05	2.293061e+04	1.031673e+06	0.000000e+00	1.038008e+06	-6.335337e+03	
4.802269e+05	-5.646168e+05	1.020043e+06	2.480097e+04	1.223030e+06	0.000000e+00	1.229882e+06	-6.852087e+03	
4.400084e+05	-6.430815e+05	1.056426e+06	2.666436e+04	1.440170e+06	0.000000e+00	1.447537e+06	-7.366910e+03	
3.730619e+05	-7.388706e+05	1.083322e+06	2.861098e+04	1.680419e+06	0.000000e+00	1.688324e+06	-7.904728e+03	
2.783210e+05	-8.528007e+05	1.100397e+06	3.072434e+04	1.939895e+06	0.000000e+00	1.948383e+06	-8.488612e+03	
1.564970e+05	-9.840480e+05	1.107471e+06	3.307413e+04	2.213972e+06	0.000000e+00	2.223110e+06	-9.137819e+03	
8.760298e+03	-1.131376e+06	1.104389e+06	3.574798e+04	2.495954e+06	0.000000e+00	2.505831e+06	-9.876559e+03	
-1.618052e+05	-1.292224e+06	1.091607e+06	3.881218e+04	2.778632e+06	0.000000e+00	2.789355e+06	-1.072315e+04	
-3.491100e+05	-1.461958e+06	1.070583e+06	4.226509e+04	3.056657e+06	0.000000e+00	3.068334e+06	-1.167713e+04	
-5.477458e+05	-1.637218e+06	1.043405e+06	4.606705e+04	3.325579e+06	0.000000e+00	3.338306e+06	-1.272754e+04	
-7.538325e+05	-1.816779e+06	1.012758e+06	5.018858e+04	3.580787e+06	0.000000e+00	3.594653e+06	-1.386625e+04	
-9.625697e+05	-1.999349e+06	9.822005e+05	5.457932e+04	3.818587e+06	0.000000e+00	3.833667e+06	-1.507934e+04	
-1.168660e+06	-2.183447e+06	9.556201e+05	5.916684e+04	4.036300e+06	0.000000e+00	4.052647e+06	-1.634679e+04	
-1.367336e+06	-2.368099e+06	9.368788e+05	6.388340e+04	4.231622e+06	0.000000e+00	4.249272e+06	-1.764990e+04	
-1.553541e+06	-2.552616e+06	9.304229e+05	6.865213e+04	4.403483e+06	0.000000e+00	4.422450e+06	-1.896741e+04	
-1.721562e+06	-2.736293e+06	9.413578e+05	7.337321e+04	4.553020e+06	0.000000e+00	4.573292e+06	-2.027177e+04	
-1.866610e+06	-2.919017e+06	9.744511e+05	7.795610e+04	4.682221e+06	0.000000e+00	4.703759e+06	-2.153794e+04	
-1.986170e+06	-3.102538e+06	1.034012e+06	8.235532e+04	4.792031e+06	0.000000e+00	4.814784e+06	-2.275337e+04	
-2.079039e+06	-3.290046e+06	1.124470e+06	8.653710e+04	4.882999e+06	0.000000e+00	4.906908e+06	-2.390873e+04	
-2.143976e+06	-3.484286e+06	1.249876e+06	9.043478e+04	4.955593e+06	0.000000e+00	4.980578e+06	-2.498559e+04	
-2.180818e+06	-3.688069e+06	1.413270e+06	9.398072e+04	5.008303e+06	0.000000e+00	5.034268e+06	-2.596527e+04	
-2.190033e+06	-3.903513e+06	1.616390e+06	9.708974e+04	5.038307e+06	0.000000e+00	5.065131e+06	-2.682424e+04	
-2.172380e+06	-4.131034e+06	1.859012e+06	9.964218e+04	5.043984e+06	0.000000e+00	5.071513e+06	-2.752944e+04	
-2.129524e+06	-4.370574e+06	2.139528e+06	1.015214e+05	5.024360e+06	0.000000e+00	5.052408e+06	-2.804863e+04	
-2.064263e+06	-4.622043e+06	2.455141e+06	1.026387e+05	4.978124e+06	0.000000e+00	5.006482e+06	-2.835734e+04	
-1.963603e+06	-4.869543e+06	2.803049e+06	1.028906e+05	4.904518e+06	0.000000e+00	4.932945e+06	-2.842693e+04	
-1.836171e+06	-5.119526e+06	3.181208e+06	1.021460e+05	4.803270e+06	0.000000e+00	4.831491e+06	-2.822121e+04	
-1.683169e+06	-5.370129e+06	3.586665e+06	1.002959e+05	4.673638e+06	0.000000e+00	4.701348e+06	-2.771004e+04	
-1.504058e+06	-5.617162e+06	4.015867e+06	9.723637e+04	4.514394e+06	0.000000e+00	4.541259e+06	-2.686476e+04	
-1.297586e+06	-5.855125e+06	4.464693e+06	9.284563e+04	4.325898e+06	0.000000e+00	4.351550e+06	-2.565167e+04	
-1.063272e+06	-6.076640e+06	4.926302e+06	8.706615e+04	4.112927e+06	0.000000e+00	4.136982e+06	-2.405490e+04	
-8.013237e+05	-6.273846e+06	5.392587e+06	7.993559e+04	3.882294e+06	0.000000e+00	3.904379e+06	-2.208484e+04	
-5.112413e+05	-6.439125e+06	5.856333e+06	7.155120e+04	3.641708e+06	0.000000e+00	3.661477e+06	-1.976838e+04	
-1.923630e+05	-6.565697e+06	6.311265e+06	6.206876e+04	3.398767e+06	0.000000e+00	3.415916e+06	-1.714854e+04	
1.516865e+05	-6.651344e+06	6.751355e+06	5.167603e+04	3.158299e+06	0.000000e+00	3.172576e+06	-1.427721e+04	
5.140604e+05	-6.696988e+06	7.170484e+06	4.056488e+04	2.923440e+06	0.000000e+00	2.934647e+06	-1.120739e+04	
8.870292e+05	-6.705088e+06	7.563171e+06	2.894608e+04	2.697455e+06	0.000000e+00	2.705453e+06	-7.997310e+03	
1.261179e+06	-6.680715e+06	7.924813e+06	1.708156e+04	2.482672e+06	0.000000e+00	2.487391e+06	-4.719345e+03	
1.625634e+06	-6.631921e+06	8.252285e+06	5.270378e+03	2.277545e+06	0.000000e+00	2.279001e+06	-1.456116e+03	
1.969956e+06	-6.568464e+06	8.544637e+06	-6.216233e+03	2.078361e+06	0.000000e+00	2.076643e+06	1.717439e+03	
2.284721e+06	-6.500780e+06	8.802639e+06	-1.713759e+04	1.881570e+06	0.000000e+00	1.876835e+06	4.734824e+03	
2.561297e+06	-6.439569e+06	9.028127e+06	-2.726084e+04	1.682555e+06	0.000000e+00	1.675023e+06	7.531705e+03	
2.795424e+06	-6.392462e+06	9.224264e+06	-3.637898e+04	1.478048e+06	0.000000e+00	1.467997e+06	1.005089e+04	
2.989382e+06	-6.362088e+06	9.395812e+06	-4.434226e+04	1.268209e+06	0.000000e+00	1.255958e+06	1.225101e+04	
3.146739e+06	-6.350322e+06	9.548092e+06	-5.103057e+04	1.053357e+06	0.000000e+00	1.039258e+06	1.409888e+04	
3.271687e+06	-6.358229e+06	9.686279e+06	-5.636218e+04	8.327502e+05	0.000000e+00	8.171783e+05	1.557191e+04	
3.370542e+06	-6.384597e+06	9.815497e+06	-6.035813e+04	6.039558e+05	0.000000e+00	5.872799e+05	1.667592e+04	
3.452591e+06	-6.424256e+06	9.940007e+06	-6.315958e+04	3.613034e+05	0.000000e+00	3.438535e+05	1.744992e+04	
3.527310e+06	-6.469846e+06	1.006207e+07	-6.491878e+04	9.801036e+04	0.000000e+00	8.007441e+04	1.793596e+04	
3.604868e+06	-6.511876e+06	1.018256e+07	-6.581349e+04	-1.925114e+05	0.000000e+00	-2.106945e+05	1.818315e+04	
3.696024e+06	-6.539712e+06	1.030181e+07	-6.607806e+04	-5.144193e+05	0.000000e+00	-5.326756e+05	1.825624e+04	
3.807964e+06	-6.545392e+06	1.041934e+07	-6.598782e+04	-8.676096e+05	0.000000e+00	-8.858409e+05	1.823131e+04	
4.037913e+06	-6.429959e+06	1.053369e+07	-6.581963e+04	-1.250337e+06	0.000000e+00	-1.268522e+06	1.818484e+04	
4.313650e+06	-6.263773e+06	1.064330e+07	-6.587531e+04	-1.658819e+06	0.000000e+00	-1.677019e+06	1.820023e+04	
4.627436e+06	-6.052663e+06	1.074653e+07	-6.643377e+04	-2.087065e+06	0.000000e+00	-2.105420e+06	1.835452e+04	
4.978011e+06	-5.795879e+06	1.084144e+07	-6.754996e+04	-2.472367e+06	5.644750e+04	-2.547477e+06	1.866290e+04	
5.362644e+06	-5.494193e+06	1.092600e+07	-6.916452e+04	-2.739578e+06	2.383681e+05	-2.997055e+06	1.910898e+04	
5.777953e+06	-5.149899e+06	1.099905e+07	-7.119346e+04	-2.986462e+06	4.417528e+05	-3.447884e+06	1.966954e+04	
6.219590e+06	-4.766430e+06	1.105955e+07	-7.352526e+04	-3.208154e+06	6.663968e+05	-3.894864e+06	2.031378e+04	
6.704935e+06	-4.343486e+06	1.112478e+07	-7.635845e+04	-3.330359e+06	8.770723e+05	-4.228528e+06	2.109654e+04	
7.197318e+06	-3.873984e+06	1.115143e+07	-8.012764e+04	-3.500383e+06	1.148540e+06	-4.671061e+06	2.213790e+04	
7.713514e+06	-3.353237e+06	1.115202e+07	-8.527198e+04	-3.644731e+06	1.447711e+06	-5.116001e+06	2.355920e+04	
8.250355e+06	-2.776259e+06	1.111879e+07	-9.217401e+04	-3.763746e+06	1.775844e+06	-5.565056e+06	2.546611e+04	
8.798293e+06	-2.146253e+06	1.104535e+07	-1.008010e+05	-3.856333e+06	2.130750e+06	-6.014932e+06	2.784959e+04	
9.342661e+06	-1.475930e+06	1.092931e+07	-1.107190e+05	-3.920139e+06	2.506649e+06	-6.457378e+06	3.058978e+04	
9.868443e+06	-7.801335e+05	1.077003e+07	-1.214509e+05	-3.954511e+06	2.897564e+06	-6.885629e+06	3.355482e+04	
1.036121e+07	-7.441720e+04	1.056814e+07	-1.325107e+05	-3.961139e+06	3.297993e+06	-7.295743e+06	3.661045e+04	
1.018528e+07	-0.000000e+00	1.032872e+07	-1.434374e+05	-4.029193e+06	3.611501e+06	-7.680324e+06	3.962932e+04	
9.908782e+06	-0.000000e+00	1.006257e+07	-1.537904e+05	-4.071534e+06	3.912051e+06	-8.026074e+06	4.248966e+04	
9.618948e+06	-0.000000e+00	9.782068e+06	-1.631198e+05	-4.072358e+06	4.205748e+06	-8.323173e+06	4.506722e+04	
9.329616e+06	-0.000000e+00	9.500598e+06	-1.709823e+05	-4.028797e+06	4.489745e+06	-8.565781e+06	4.723950e+04	
9.054007e+06	-0.000000e+00	9.231071e+06	-1.770642e+05	-3.942063e+06	4.763180e+06	-8.754162e+06	4.891984e+04	
8.799364e+06	-0.000000e+00	8.980671e+06	-1.813074e+05	-3.821091e+06	5.027903e+06	-8.899085e+06	5.009216e+04	
8.570747e+06	-0.000000e+00	8.754426e+06	-1.836790e+05	-3.676255e+06	5.286760e+06	-9.013763e+06	5.074739e+04	
8.372596e+06	-0.000000e+00	8.556751e+06	-1.841548e+05	-3.517334e+06	5.543170e+06	-9.111383e+06	5.087884e+04	
8.207631e+06	-0.000000e+00	8.390373e+06	-1.827422e+05	-3.353641e+06	5.801187e+06	-9.205317e+06	5.048857e+04	
8.072466e+06	-0.000000e+00	8.252037e+06	-1.795711e+05	-3.196193e+06	6.066761e+06	-9.312567e+06	4.961245e+04	
7.960375e+06	-0.000000e+00	8.135221e+06	-1.748463e+05	-3.037277e+06	6.364592e+06	-9.450176e+06	4.830705e+04	
7.863079e+06	-0.000000e+00	8.031923e+06	-1.688445e+05	-2.919745e+06	6.666501e+06	-9.632895e+06	4.664886e+04	
7.770279e+06	-0.000000e+00	7.932127e+06	-1.618479e+05	-2.831220e+06	6.995075e+06	-9.871010e+06	4.471581e+04	
7.674885e+06	-0.000000e+00	7.828870e+06	-1.539843e+05	-2.773592e+06	7.346084e+06	-1.016222e+07	4.254323e+04	
7.571865e+06	-0.000000e+00	7.717209e+06	-1.453435e+05	-2.746784e+06	7.708264e+06	-1.049520e+07	4.015594e+04	
7.458671e+06	-0.000000e+00	7.594688e+06	-1.360175e+05	-2.750156e+06	8.065677e+06	-1.085341e+07	3.757933e+04	
7.335711e+06	-0.000000e+00	7.461785e+06	-1.260738e+05	-2.783159e+06	8.398895e+06	-1.121689e+07	3.483204e+04	
7.209455e+06	-0.000000e+00	7.324988e+06	-1.155327e+05	-2.842889e+06	8.686018e+06	-1.156083e+07	3.191973e+04	
7.092795e+06	-0.000000e+00	7.197253e+06	-1.044580e+05	-2.924506e+06	8.906208e+06	-1.185957e+07	2.885998e+04	
7.001443e+06	-0.000000e+00	7.094452e+06	-9.300971e+04	-3.022938e+06	9.043536e+06	-1.209217e+07	2.569700e+04	
6.951303e+06	-0.000000e+00	7.032760e+06	-8.145662e+04	-3.132408e+06	9.089219e+06	-1.224413e+07	2.250508e+04	
6.956388e+06	-0.000000e+00	7.026843e+06	-7.045516e+04	-3.237842e+06	9.049306e+06	-1.230661e+07	1.946556e+04	
7.029050e+06	-0.000000e+00	7.089978e+06	-6.092851e+04	-3.329397e+06	8.928258e+06	-1.227449e+07	1.683351e+04	
7.180063e+06	-0.000000e+00	7.233750e+06	-5.368722e+04	-3.274014e+06	8.852669e+06	-1.214152e+07	1.483286e+04	
7.417773e+06	-0.000000e+00	7.467225e+06	-4.945150e+04	-3.151673e+06	8.730704e+06	-1.189604e+07	1.366261e+04	
7.738484e+06	-0.000000e+00	7.787061e+06	-4.857713e+04	-2.959477e+06	8.559728e+06	-1.153263e+07	1.342103e+04	
8.118845e+06	-0.000000e+00	8.169762e+06	-5.091721e+04	-2.713824e+06	8.337083e+06	-1.106497e+07	1.406756e+04	
8.530493e+06	-0.000000e+00	8.586720e+06	-5.622686e+04	-2.434486e+06	8.061085e+06	-1.051111e+07	1.553453e+04	
8.943777e+06	-0.000000e+00	9.007984e+06	-6.420676e+04	-2.997083e+06	6.881486e+06	-9.896308e+06	1.773923e+04	
9.331816e+06	-0.000000e+00	9.406350e+06	-7.453392e+04	-2.448871e+06	6.782317e+06	-9.251780e+06	2.059245e+04	
9.673906e+06	-0.000000e+00	9.760764e+06	-8.685730e+04	-1.886438e+06	6.696398e+06	-8.606833e+06	2.399719e+04	
9.956138e+06	-0.000000e+00	1.005684e+07	-1.006982e+05	-1.290958e+06	6.668441e+06	-7.987221e+06	2.782119e+04	
1.017570e+07	-0.000000e+00	1.029109e+07	-1.153922e+05	-6.244841e+05	6.748867e+06	-7.405232e+06	3.188089e+04	
