StressDVtot	StressDVm	StressDVexternal	StressDVFax	StressAPtot	StressAPm	StressAPexternal	StressAPFax	
1.372160e+06	-0.000000e+00	1.367993e+06	4.167233e+03	1.820108e+06	0.000000e+00	1.821260e+06	-1.151335e+03	
1.472299e+06	-0.000000e+00	1.466402e+06	5.897691e+03	1.997897e+06	0.000000e+00	1.999527e+06	-1.629432e+03	
1.582886e+06	-0.000000e+00	1.575366e+06	7.520025e+03	2.178637e+06	0.000000e+00	2.180714e+06	-2.077655e+03	
1.624418e+06	-7.868161e+04	1.694016e+06	9.083287e+03	2.361746e+06	0.000000e+00	2.364256e+06	-2.509558e+03	
1.645015e+06	-1.867518e+05	1.821120e+06	1.064695e+04	2.547096e+06	0.000000e+00	2.550037e+06	-2.941571e+03	
1.651638e+06	-3.149361e+05	1.954284e+06	1.228978e+04	2.736822e+06	0.000000e+00	2.740218e+06	-3.395458e+03	
1.642901e+06	-4.614684e+05	2.090259e+06	1.411011e+04	2.934214e+06	0.000000e+00	2.938112e+06	-3.898383e+03	
1.620279e+06	-6.237532e+05	2.227844e+06	1.618820e+04	3.138744e+06	0.000000e+00	3.143217e+06	-4.472525e+03	
1.589346e+06	-7.985629e+05	2.369348e+06	1.856027e+04	3.344337e+06	0.000000e+00	3.349465e+06	-5.127887e+03	
1.557429e+06	-9.818834e+05	2.518063e+06	2.124932e+04	3.544490e+06	0.000000e+00	3.550361e+06	-5.870826e+03	
1.534544e+06	-1.165403e+06	2.675726e+06	2.422084e+04	3.736153e+06	0.000000e+00	3.742845e+06	-6.691805e+03	
1.519237e+06	-1.350681e+06	2.842517e+06	2.740048e+04	3.918274e+06	0.000000e+00	3.925844e+06	-7.570285e+03	
1.507389e+06	-1.541774e+06	3.018437e+06	3.072594e+04	4.089006e+06	0.000000e+00	4.097495e+06	-8.489054e+03	
1.495943e+06	-1.741381e+06	3.203112e+06	3.421187e+04	4.246047e+06	0.000000e+00	4.255499e+06	-9.452158e+03	
1.480390e+06	-1.953582e+06	3.396075e+06	3.789758e+04	4.387535e+06	0.000000e+00	4.398005e+06	-1.047046e+04	
1.458191e+06	-2.181695e+06	3.598125e+06	4.176068e+04	4.510607e+06	0.000000e+00	4.522145e+06	-1.153777e+04	
1.433709e+06	-2.425519e+06	3.813643e+06	4.558497e+04	4.607735e+06	0.000000e+00	4.620329e+06	-1.259435e+04	
1.413051e+06	-2.683978e+06	4.047948e+06	4.908102e+04	4.669412e+06	0.000000e+00	4.682972e+06	-1.356025e+04	
1.400390e+06	-2.955850e+06	4.304155e+06	5.208476e+04	4.687779e+06	0.000000e+00	4.702169e+06	-1.439013e+04	
1.396335e+06	-3.239593e+06	4.581224e+06	5.470379e+04	4.658850e+06	0.000000e+00	4.673964e+06	-1.511373e+04	
1.401559e+06	-3.532283e+06	4.876742e+06	5.709985e+04	4.579558e+06	0.000000e+00	4.595334e+06	-1.577572e+04	
1.422500e+06	-3.822644e+06	5.185947e+06	5.919749e+04	4.453763e+06	0.000000e+00	4.470118e+06	-1.635526e+04	
1.470382e+06	-4.092893e+06	5.502590e+06	6.068539e+04	4.293836e+06	0.000000e+00	4.310602e+06	-1.676634e+04	
1.555162e+06	-4.327590e+06	5.821491e+06	6.126157e+04	4.114541e+06	0.000000e+00	4.131466e+06	-1.692553e+04	
1.674549e+06	-4.528233e+06	6.141908e+06	6.087489e+04	3.918213e+06	0.000000e+00	3.935031e+06	-1.681870e+04	
1.819336e+06	-4.704777e+06	6.464500e+06	5.961269e+04	3.698786e+06	0.000000e+00	3.715256e+06	-1.646997e+04	
1.978961e+06	-4.867065e+06	6.788450e+06	5.757497e+04	3.450458e+06	0.000000e+00	3.466365e+06	-1.590698e+04	
2.142195e+06	-5.022704e+06	7.110056e+06	5.484289e+04	3.176599e+06	0.000000e+00	3.191752e+06	-1.515216e+04	
2.297394e+06	-5.179357e+06	7.425242e+06	5.150868e+04	2.884726e+06	0.000000e+00	2.898957e+06	-1.423097e+04	
2.436017e+06	-5.342075e+06	7.730417e+06	4.767502e+04	2.583552e+06	0.000000e+00	2.596724e+06	-1.317180e+04	
2.557120e+06	-5.508842e+06	8.022528e+06	4.343502e+04	2.281910e+06	0.000000e+00	2.293910e+06	-1.200036e+04	
2.662401e+06	-5.675540e+06	8.299065e+06	3.887607e+04	1.989251e+06	0.000000e+00	1.999992e+06	-1.074080e+04	
2.759760e+06	-5.833277e+06	8.559021e+06	3.401605e+04	1.710154e+06	0.000000e+00	1.719552e+06	-9.398057e+03	
2.862285e+06	-5.969143e+06	8.802609e+06	2.881915e+04	1.441261e+06	0.000000e+00	1.449223e+06	-7.962241e+03	
2.981317e+06	-6.071806e+06	9.029814e+06	2.330869e+04	1.176320e+06	0.000000e+00	1.182760e+06	-6.439793e+03	
3.118935e+06	-6.138676e+06	9.239689e+06	1.792184e+04	9.117810e+05	0.000000e+00	9.167325e+05	-4.951499e+03	
3.272686e+06	-6.172249e+06	9.431567e+06	1.336855e+04	6.465456e+05	0.000000e+00	6.502391e+05	-3.693503e+03	
3.441058e+06	-6.175030e+06	9.605897e+06	1.019156e+04	3.799043e+05	0.000000e+00	3.827201e+05	-2.815755e+03	
3.647630e+06	-6.124218e+06	9.763940e+06	7.907372e+03	1.154341e+05	0.000000e+00	1.176187e+05	-2.184672e+03	
3.869333e+06	-6.043110e+06	9.906814e+06	5.629139e+03	-1.406910e+05	0.000000e+00	-1.391358e+05	-1.555235e+03	
4.089314e+06	-5.948687e+06	1.003530e+07	2.704353e+03	-3.828750e+05	0.000000e+00	-3.821278e+05	-7.471667e+02	
4.305874e+06	-5.843395e+06	1.014999e+07	-7.215396e+02	-6.107304e+05	0.000000e+00	-6.109297e+05	1.993491e+02	
4.519358e+06	-5.728139e+06	1.025185e+07	-4.348868e+03	-8.255562e+05	0.000000e+00	-8.267577e+05	1.201518e+03	
4.734913e+06	-5.599200e+06	1.034196e+07	-7.843360e+03	-1.032744e+06	0.000000e+00	-1.034911e+06	2.166987e+03	
4.964508e+06	-5.445618e+06	1.042095e+07	-1.082282e+04	-1.243656e+06	0.000000e+00	-1.246646e+06	2.990162e+03	
5.219955e+06	-5.256045e+06	1.048892e+07	-1.292297e+04	-1.470030e+06	0.000000e+00	-1.473601e+06	3.570397e+03	
5.496953e+06	-5.035214e+06	1.054642e+07	-1.425461e+04	-1.670807e+06	3.856254e+04	-1.713308e+06	3.938305e+03	
5.776615e+06	-4.802968e+06	1.059494e+07	-1.535307e+04	-1.761155e+06	1.850090e+05	-1.950406e+06	4.241793e+03	
6.040548e+06	-4.579003e+06	1.063627e+07	-1.671701e+04	-1.839163e+06	3.255792e+05	-2.169361e+06	4.618624e+03	
6.283460e+06	-4.370400e+06	1.067211e+07	-1.825385e+04	-1.901853e+06	4.537969e+05	-2.360693e+06	5.043228e+03	
6.519472e+06	-4.179099e+06	1.071814e+07	-1.956823e+04	-1.870963e+06	5.140605e+05	-2.390430e+06	5.406370e+03	
6.728572e+06	-3.999308e+06	1.074821e+07	-2.033146e+04	-1.898543e+06	6.056916e+05	-2.509852e+06	5.617236e+03	
6.941140e+06	-3.811055e+06	1.077275e+07	-2.055395e+04	-1.920465e+06	6.956869e+05	-2.621831e+06	5.678707e+03	
7.178478e+06	-3.588651e+06	1.078747e+07	-2.033945e+04	-1.950450e+06	8.054880e+05	-2.761557e+06	5.619444e+03	
7.446877e+06	-3.322732e+06	1.078949e+07	-1.987843e+04	-1.993474e+06	9.460908e+05	-2.945057e+06	5.492071e+03	
7.721354e+06	-3.040189e+06	1.078108e+07	-1.953612e+04	-2.038474e+06	1.102394e+06	-3.146266e+06	5.397497e+03	
7.974156e+06	-2.772639e+06	1.076649e+07	-1.969555e+04	-2.074197e+06	1.253646e+06	-3.333285e+06	5.441546e+03	
8.196724e+06	-2.531313e+06	1.074844e+07	-2.040278e+04	-2.097053e+06	1.390283e+06	-3.492973e+06	5.636942e+03	
8.418153e+06	-2.286732e+06	1.072619e+07	-2.130081e+04	-2.102865e+06	1.526853e+06	-3.635603e+06	5.885051e+03	
8.615595e+06	-2.060523e+06	1.069814e+07	-2.202205e+04	-2.111417e+06	1.655865e+06	-3.773367e+06	6.084317e+03	
8.807061e+06	-1.834232e+06	1.066369e+07	-2.240185e+04	-2.115442e+06	1.788989e+06	-3.910620e+06	6.189249e+03	
8.987575e+06	-1.613389e+06	1.062336e+07	-2.239837e+04	-2.112813e+06	1.926548e+06	-4.045550e+06	6.188288e+03	
9.153837e+06	-1.401941e+06	1.057781e+07	-2.202764e+04	-2.101003e+06	2.068664e+06	-4.175753e+06	6.085863e+03	
9.306493e+06	-1.199133e+06	1.052727e+07	-2.164772e+04	-2.080053e+06	2.213050e+06	-4.299084e+06	5.980896e+03	
9.447497e+06	-1.002919e+06	1.047215e+07	-2.173959e+04	-2.051437e+06	2.355380e+06	-4.412823e+06	6.006279e+03	
9.582794e+06	-8.066668e+05	1.041209e+07	-2.262698e+04	-2.018582e+06	2.495432e+06	-4.520266e+06	6.251451e+03	
9.728182e+06	-5.902610e+05	1.034263e+07	-2.418282e+04	-1.989548e+06	2.649444e+06	-4.645673e+06	6.681301e+03	
9.898470e+06	-3.323460e+05	1.025704e+07	-2.622923e+04	-1.973089e+06	2.838849e+06	-4.819185e+06	7.246689e+03	
1.009278e+07	-3.091514e+04	1.015234e+07	-2.864749e+04	-1.969212e+06	3.070505e+06	-5.047632e+06	7.914813e+03	
1.000390e+07	-0.000000e+00	1.003524e+07	-3.134486e+04	-2.004892e+06	3.282854e+06	-5.296407e+06	8.660050e+03	
9.881998e+06	-0.000000e+00	9.916177e+06	-3.417899e+04	-2.026096e+06	3.490058e+06	-5.525597e+06	9.443073e+03	
9.763628e+06	-0.000000e+00	9.800667e+06	-3.703829e+04	-2.024050e+06	3.687612e+06	-5.721895e+06	1.023305e+04	
9.647337e+06	-0.000000e+00	9.687219e+06	-3.988195e+04	-2.008941e+06	3.878195e+06	-5.898154e+06	1.101870e+04	
9.530705e+06	-0.000000e+00	9.573377e+06	-4.267227e+04	-1.991566e+06	4.065470e+06	-6.068825e+06	1.178962e+04	
9.414342e+06	-0.000000e+00	9.459561e+06	-4.521962e+04	-1.975792e+06	4.251629e+06	-6.239915e+06	1.249341e+04	
9.301136e+06	-0.000000e+00	9.348389e+06	-4.725355e+04	-1.961825e+06	4.437818e+06	-6.412698e+06	1.305535e+04	
9.192641e+06	-0.000000e+00	9.241236e+06	-4.859443e+04	-1.951210e+06	4.627485e+06	-6.592120e+06	1.342581e+04	
9.082690e+06	-0.000000e+00	9.132138e+06	-4.944745e+04	-1.798501e+06	4.987487e+06	-6.799650e+06	1.366149e+04	
8.961949e+06	-0.000000e+00	9.012070e+06	-5.012069e+04	-1.783246e+06	5.262460e+06	-7.059554e+06	1.384749e+04	
8.828004e+06	-0.000000e+00	8.878885e+06	-5.088110e+04	-1.790057e+06	5.568981e+06	-7.373096e+06	1.405758e+04	
8.696423e+06	-0.000000e+00	8.748305e+06	-5.188227e+04	-1.798844e+06	5.884355e+06	-7.697534e+06	1.433419e+04	
8.587232e+06	-0.000000e+00	8.640469e+06	-5.323713e+04	-1.786841e+06	6.184997e+06	-7.986546e+06	1.470851e+04	
8.513724e+06	-0.000000e+00	8.568749e+06	-5.502492e+04	-1.740651e+06	6.457848e+06	-8.213701e+06	1.520245e+04	
8.479754e+06	-0.000000e+00	8.537077e+06	-5.732289e+04	-1.659082e+06	6.697856e+06	-8.372775e+06	1.583734e+04	
8.487131e+06	-0.000000e+00	8.547318e+06	-6.018731e+04	-1.543836e+06	6.898424e+06	-8.458889e+06	1.662873e+04	
8.523167e+06	-0.000000e+00	8.586433e+06	-6.326587e+04	-1.408593e+06	7.070968e+06	-8.497041e+06	1.747928e+04	
8.565702e+06	-0.000000e+00	8.631627e+06	-6.592523e+04	-1.272688e+06	7.241452e+06	-8.532354e+06	1.821402e+04	
8.596858e+06	-0.000000e+00	8.664499e+06	-6.764108e+04	-1.149549e+06	7.432653e+06	-8.600891e+06	1.868808e+04	
8.623838e+06	-0.000000e+00	8.692380e+06	-6.854213e+04	-1.032185e+06	7.629792e+06	-8.680915e+06	1.893702e+04	
8.662624e+06	-0.000000e+00	8.731617e+06	-6.899273e+04	-9.097678e+05	7.802272e+06	-8.731102e+06	1.906152e+04	
8.726036e+06	-0.000000e+00	8.795382e+06	-6.934685e+04	-7.785037e+05	7.919896e+06	-8.717559e+06	1.915935e+04	
8.818469e+06	-0.000000e+00	8.888317e+06	-6.984830e+04	-6.473950e+05	7.957549e+06	-8.624242e+06	1.929790e+04	
8.942264e+06	-0.000000e+00	9.013020e+06	-7.075601e+04	-5.276326e+05	7.890399e+06	-8.437580e+06	1.954868e+04	
9.108271e+06	-0.000000e+00	9.180591e+06	-7.231967e+04	-4.262321e+05	7.675494e+06	-8.121707e+06	1.998069e+04	
9.337537e+06	-0.000000e+00	9.412265e+06	-7.472774e+04	-3.446447e+05	7.237402e+06	-7.602693e+06	2.064600e+04	
9.638826e+06	-0.000000e+00	9.716977e+06	-7.815053e+04	4.928938e+03	6.780555e+06	-6.797217e+06	2.159166e+04	
9.983828e+06	-0.000000e+00	1.006626e+07	-8.243430e+04	6.818719e+04	5.715341e+06	-5.669929e+06	2.277520e+04	
1.031452e+07	-0.000000e+00	1.040166e+07	-8.713695e+04	6.944796e+04	4.297742e+06	-4.252369e+06	2.407446e+04	
1.057121e+07	-0.000000e+00	1.066303e+07	-9.181486e+04	-1.256422e+03	2.590865e+06	-2.617488e+06	2.536688e+04	
1.071090e+07	-0.000000e+00	1.080700e+07	-9.609916e+04	-1.479012e+05	6.917983e+05	-8.662500e+05	2.655056e+04	
1.071819e+07	-0.000000e+00	1.081783e+07	-9.964505e+04	9.107049e+05	0.000000e+00	8.831747e+05	2.753023e+04	
