FQuads	FAdd	FRet	Faext	QuadsBMom	AddBMom	RetBMom	
0.000000e+00	-7.321966e-02	0.000000e+00	-3.567061e-02	0.000000e+00	-0.000000e+00	0.000000e+00	
0.000000e+00	-7.286211e-02	0.000000e+00	-4.268807e-02	0.000000e+00	-0.000000e+00	0.000000e+00	
0.000000e+00	-7.121299e-02	0.000000e+00	-5.037339e-02	0.000000e+00	-0.000000e+00	0.000000e+00	
0.000000e+00	-6.825286e-02	0.000000e+00	-5.851315e-02	0.000000e+00	-0.000000e+00	0.000000e+00	
0.000000e+00	-6.416770e-02	0.000000e+00	-6.684796e-02	0.000000e+00	-0.000000e+00	0.000000e+00	
0.000000e+00	-5.906444e-02	0.000000e+00	-7.512889e-02	0.000000e+00	-0.000000e+00	0.000000e+00	
1.333586e-02	-5.307339e-02	0.000000e+00	-8.308349e-02	1.921246e-05	-0.000000e+00	0.000000e+00	
3.087366e-02	-4.655395e-02	0.000000e+00	-9.035833e-02	4.447850e-05	-0.000000e+00	0.000000e+00	
4.986905e-02	-3.985799e-02	0.000000e+00	-9.661844e-02	7.184443e-05	-0.000000e+00	0.000000e+00	
6.984590e-02	-3.363650e-02	0.000000e+00	-1.016111e-01	1.006243e-04	-0.000000e+00	0.000000e+00	
9.002354e-02	-2.877853e-02	0.000000e+00	-1.050982e-01	1.296935e-04	-0.000000e+00	0.000000e+00	
1.097673e-01	-2.597618e-02	0.000000e+00	-1.069444e-01	1.581375e-04	-0.000000e+00	0.000000e+00	
1.286422e-01	-2.566502e-02	0.000000e+00	-1.071087e-01	1.853298e-04	-0.000000e+00	0.000000e+00	
1.462841e-01	-2.809444e-02	0.000000e+00	-1.055774e-01	2.107459e-04	-0.000000e+00	0.000000e+00	
1.624881e-01	-3.319139e-02	0.000000e+00	-1.024193e-01	2.340904e-04	-0.000000e+00	0.000000e+00	
1.771815e-01	-4.069162e-02	0.000000e+00	-9.775758e-02	2.552585e-04	-0.000000e+00	0.000000e+00	
1.906496e-01	-5.001863e-02	0.000000e+00	-9.181641e-02	2.746616e-04	-0.000000e+00	0.000000e+00	
2.033958e-01	-6.026261e-02	0.000000e+00	-8.496635e-02	2.930245e-04	-0.000000e+00	0.000000e+00	
2.157967e-01	-7.054995e-02	0.000000e+00	-7.760744e-02	3.108900e-04	-0.000000e+00	0.000000e+00	
2.278356e-01	-8.032441e-02	0.000000e+00	-7.013396e-02	3.282340e-04	-0.000000e+00	0.000000e+00	
2.395351e-01	-8.907809e-02	0.000000e+00	-6.302293e-02	3.450891e-04	-0.000000e+00	0.000000e+00	
2.508869e-01	-9.655005e-02	0.000000e+00	-5.663564e-02	3.614431e-04	-0.000000e+00	0.000000e+00	
2.621511e-01	-1.026286e-01	0.000000e+00	-5.102788e-02	3.776710e-04	-0.000000e+00	0.000000e+00	
2.740786e-01	-1.072002e-01	0.000000e+00	-4.591544e-02	3.948544e-04	-0.000000e+00	0.000000e+00	
2.872358e-01	-1.104674e-01	0.000000e+00	-4.077211e-02	4.138096e-04	-0.000000e+00	0.000000e+00	
3.019107e-01	-1.128003e-01	0.000000e+00	-3.506216e-02	4.349512e-04	-0.000000e+00	0.000000e+00	
3.171117e-01	-1.147532e-01	0.000000e+00	-2.881277e-02	4.568506e-04	-0.000000e+00	0.000000e+00	
3.311078e-01	-1.170630e-01	0.000000e+00	-2.210572e-02	4.770142e-04	-0.000000e+00	0.000000e+00	
3.420756e-01	-1.203193e-01	0.000000e+00	-1.505281e-02	4.928152e-04	-0.000000e+00	0.000000e+00	
3.489349e-01	-1.247502e-01	0.000000e+00	-7.487453e-03	5.026971e-04	-0.000000e+00	0.000000e+00	
3.508241e-01	-1.303965e-01	0.000000e+00	0.000000e+00	5.054188e-04	-0.000000e+00	0.000000e+00	
3.434921e-01	-1.371257e-01	0.000000e+00	0.000000e+00	4.948558e-04	-0.000000e+00	0.000000e+00	
3.315468e-01	-1.446839e-01	0.000000e+00	0.000000e+00	4.776467e-04	-0.000000e+00	0.000000e+00	
3.160806e-01	-1.528553e-01	0.000000e+00	0.000000e+00	4.553651e-04	-0.000000e+00	0.000000e+00	
2.985052e-01	-1.613924e-01	0.000000e+00	0.000000e+00	4.300449e-04	-0.000000e+00	0.000000e+00	
2.801691e-01	-1.701170e-01	0.000000e+00	0.000000e+00	4.036288e-04	-0.000000e+00	0.000000e+00	
2.617892e-01	-1.791979e-01	0.000000e+00	0.000000e+00	3.771497e-04	-0.000000e+00	0.000000e+00	
2.438314e-01	-1.888532e-01	0.000000e+00	0.000000e+00	3.512785e-04	-0.000000e+00	0.000000e+00	
2.267198e-01	-1.992425e-01	0.000000e+00	0.000000e+00	3.266266e-04	-0.000000e+00	0.000000e+00	
2.105849e-01	-2.104659e-01	6.919699e-03	0.000000e+00	3.033816e-04	-0.000000e+00	1.100317e-05	
1.951455e-01	-2.222303e-01	2.347141e-02	0.000000e+00	2.811386e-04	-0.000000e+00	3.732243e-05	
1.800289e-01	-2.341602e-01	4.026188e-02	0.000000e+00	2.593607e-04	-0.000000e+00	6.402135e-05	
1.648058e-01	-2.459152e-01	5.701146e-02	0.000000e+00	2.374293e-04	-0.000000e+00	9.065523e-05	
1.493749e-01	-2.570928e-01	7.345276e-02	0.000000e+00	2.151987e-04	-0.000000e+00	1.167989e-04	
1.336124e-01	-2.674150e-01	8.940152e-02	0.000000e+00	1.924903e-04	-0.000000e+00	1.421594e-04	
1.172840e-01	-2.767452e-01	1.047612e-01	0.000000e+00	1.689666e-04	-0.000000e+00	1.665832e-04	
1.005095e-01	-2.849777e-01	1.194546e-01	0.000000e+00	1.448001e-04	-0.000000e+00	1.899475e-04	
8.353150e-02	-2.923039e-01	1.335247e-01	0.000000e+00	1.203406e-04	-0.000000e+00	2.123208e-04	
6.624008e-02	-2.991879e-01	1.469786e-01	0.000000e+00	9.542954e-05	-0.000000e+00	2.337141e-04	
4.835658e-02	-3.061741e-01	1.596956e-01	0.000000e+00	6.966547e-05	-0.000000e+00	2.539356e-04	
2.945554e-02	-3.136939e-01	1.717861e-01	0.000000e+00	4.243546e-05	-0.000000e+00	2.731611e-04	
5.631041e-03	-3.219230e-01	1.837773e-01	-6.577197e-03	8.112424e-06	-0.000000e+00	2.922284e-04	
0.000000e+00	-3.307443e-01	1.933749e-01	-2.467621e-02	0.000000e+00	-0.000000e+00	3.074899e-04	
0.000000e+00	-3.400451e-01	2.019569e-01	-3.974391e-02	0.000000e+00	-0.000000e+00	3.211364e-04	
0.000000e+00	-3.497165e-01	2.106009e-01	-5.239178e-02	0.000000e+00	-0.000000e+00	3.348813e-04	
0.000000e+00	-3.593384e-01	2.198897e-01	-6.348302e-02	0.000000e+00	-0.000000e+00	3.496517e-04	
0.000000e+00	-3.684231e-01	2.303782e-01	-7.363178e-02	0.000000e+00	-0.000000e+00	3.663297e-04	
0.000000e+00	-3.767053e-01	2.416933e-01	-8.279426e-02	0.000000e+00	-0.000000e+00	3.843221e-04	
0.000000e+00	-3.840823e-01	2.530350e-01	-9.086844e-02	0.000000e+00	-0.000000e+00	4.023568e-04	
0.000000e+00	-3.906766e-01	2.636725e-01	-9.785566e-02	0.000000e+00	-0.000000e+00	4.192717e-04	
0.000000e+00	-3.963684e-01	2.729056e-01	-1.036330e-01	0.000000e+00	-0.000000e+00	4.339534e-04	
0.000000e+00	-4.006724e-01	2.800477e-01	-1.076846e-01	0.000000e+00	-0.000000e+00	4.453103e-04	
0.000000e+00	-4.032378e-01	2.844151e-01	-1.094135e-01	0.000000e+00	-0.000000e+00	4.522550e-04	
0.000000e+00	-4.037235e-01	2.853868e-01	-1.085832e-01	0.000000e+00	-0.000000e+00	4.538001e-04	
0.000000e+00	-4.019146e-01	2.828954e-01	-1.058560e-01	0.000000e+00	-0.000000e+00	4.498385e-04	
0.000000e+00	-3.978449e-01	2.772764e-01	-1.020400e-01	0.000000e+00	-0.000000e+00	4.409036e-04	
0.000000e+00	-3.915790e-01	2.690068e-01	-9.804327e-02	0.000000e+00	-0.000000e+00	4.277540e-04	
0.000000e+00	-3.833515e-01	2.584984e-01	-9.451741e-02	0.000000e+00	-0.000000e+00	4.110442e-04	
0.000000e+00	-3.736563e-01	2.461043e-01	-9.158996e-02	0.000000e+00	-0.000000e+00	3.913361e-04	
0.000000e+00	-3.629105e-01	2.321842e-01	-8.924245e-02	0.000000e+00	-0.000000e+00	3.692015e-04	
0.000000e+00	-3.514422e-01	2.172574e-01	-8.739354e-02	0.000000e+00	-0.000000e+00	3.454659e-04	
0.000000e+00	-3.394238e-01	2.023438e-01	-8.628690e-02	0.000000e+00	-0.000000e+00	3.217515e-04	
0.000000e+00	-3.268708e-01	1.884222e-01	-8.640913e-02	0.000000e+00	-0.000000e+00	2.996145e-04	
0.000000e+00	-3.138448e-01	1.763391e-01	-8.816413e-02	0.000000e+00	-0.000000e+00	2.804008e-04	
0.000000e+00	-3.005022e-01	1.667098e-01	-9.160573e-02	0.000000e+00	-0.000000e+00	2.650891e-04	
0.000000e+00	-2.868470e-01	1.598450e-01	-9.675350e-02	0.000000e+00	-0.000000e+00	2.541732e-04	
0.000000e+00	-2.728515e-01	1.559068e-01	-1.035538e-01	0.000000e+00	-0.000000e+00	2.479110e-04	
0.000000e+00	-2.585015e-01	1.545317e-01	-1.115957e-01	0.000000e+00	-0.000000e+00	2.457245e-04	
0.000000e+00	-2.437392e-01	1.542008e-01	-1.199285e-01	0.000000e+00	-0.000000e+00	2.451983e-04	
0.000000e+00	-2.286936e-01	1.533840e-01	-1.274771e-01	0.000000e+00	-0.000000e+00	2.438994e-04	
0.000000e+00	-2.215610e-01	1.577529e-01	-1.166340e-01	0.000000e+00	-0.000000e+00	2.508465e-04	
0.000000e+00	-2.077116e-01	1.538700e-01	-1.191960e-01	0.000000e+00	-0.000000e+00	2.446723e-04	
0.000000e+00	-1.940674e-01	1.482572e-01	-1.201759e-01	0.000000e+00	-0.000000e+00	2.357472e-04	
0.000000e+00	-1.808217e-01	1.413300e-01	-1.195580e-01	0.000000e+00	-0.000000e+00	2.247321e-04	
0.000000e+00	-1.680762e-01	1.335774e-01	-1.172181e-01	0.000000e+00	-0.000000e+00	2.124045e-04	
0.000000e+00	-1.561012e-01	1.256489e-01	-1.126374e-01	0.000000e+00	-0.000000e+00	1.997972e-04	
0.000000e+00	-1.451487e-01	1.180787e-01	-1.055023e-01	0.000000e+00	-0.000000e+00	1.877597e-04	
0.000000e+00	-1.354051e-01	1.112664e-01	-9.585773e-02	0.000000e+00	-0.000000e+00	1.769272e-04	
0.000000e+00	-1.272156e-01	1.055259e-01	-8.392384e-02	0.000000e+00	-0.000000e+00	1.677991e-04	
0.000000e+00	-1.208489e-01	1.010538e-01	-7.013641e-02	0.000000e+00	-0.000000e+00	1.606879e-04	
0.000000e+00	-1.164513e-01	9.797471e-02	-5.503132e-02	0.000000e+00	-0.000000e+00	1.557918e-04	
0.000000e+00	-1.142859e-01	9.607921e-02	-3.869016e-02	0.000000e+00	-0.000000e+00	1.527778e-04	
0.000000e+00	-1.145415e-01	9.455592e-02	-2.132271e-02	0.000000e+00	-0.000000e+00	1.503556e-04	
0.000000e+00	-1.173449e-01	9.239260e-02	-4.049183e-03	0.000000e+00	-0.000000e+00	1.469156e-04	
0.000000e+00	-1.229157e-01	8.849943e-02	0.000000e+00	0.000000e+00	-0.000000e+00	1.407250e-04	
0.000000e+00	-1.311849e-01	8.214626e-02	0.000000e+00	0.000000e+00	-0.000000e+00	1.306227e-04	
0.000000e+00	-1.417367e-01	7.287214e-02	0.000000e+00	0.000000e+00	-0.000000e+00	1.158757e-04	
0.000000e+00	-1.610646e-01	7.345783e-02	0.000000e+00	0.000000e+00	-0.000000e+00	1.168070e-04	
0.000000e+00	-1.782073e-01	5.877077e-02	0.000000e+00	0.000000e+00	-0.000000e+00	9.345276e-05	
0.000000e+00	-1.950424e-01	4.084892e-02	-5.633963e-03	0.000000e+00	-0.000000e+00	6.495481e-05	
0.000000e+00	-2.103738e-01	2.123876e-02	-5.001670e-02	0.000000e+00	-0.000000e+00	3.377224e-05	
