StressDVtot	StressDVm	StressDVexternal	StressDVFax	StressAPtot	StressAPm	StressAPexternal	StressAPFax	
5.710551e+05	-0.000000e+00	5.599008e+05	1.115433e+04	6.207272e+05	0.000000e+00	6.217690e+05	-1.041747e+03	
5.702728e+05	-0.000000e+00	5.596930e+05	1.057979e+04	6.974835e+05	0.000000e+00	6.984715e+05	-9.880892e+02	
5.688567e+05	-0.000000e+00	5.589639e+05	9.892767e+03	7.733596e+05	0.000000e+00	7.742835e+05	-9.239252e+02	
5.675168e+05	-0.000000e+00	5.583896e+05	9.127282e+03	8.474344e+05	0.000000e+00	8.482868e+05	-8.524335e+02	
5.672411e+05	-0.000000e+00	5.589327e+05	8.308360e+03	9.191193e+05	0.000000e+00	9.198952e+05	-7.759511e+02	
5.688068e+05	-0.000000e+00	5.613401e+05	7.466693e+03	9.876702e+05	0.000000e+00	9.883676e+05	-6.973445e+02	
5.726490e+05	-0.000000e+00	5.660079e+05	6.641149e+03	1.051980e+06	0.000000e+00	1.052600e+06	-6.202436e+02	
5.791847e+05	-0.000000e+00	5.733238e+05	5.860909e+03	1.111076e+06	0.000000e+00	1.111623e+06	-5.473739e+02	
5.888676e+05	-0.000000e+00	5.837291e+05	5.138584e+03	1.164521e+06	0.000000e+00	1.165001e+06	-4.799130e+02	
6.019274e+05	-0.000000e+00	5.974407e+05	4.486641e+03	1.212112e+06	0.000000e+00	1.212531e+06	-4.190254e+02	
6.183190e+05	-0.000000e+00	6.143957e+05	3.923281e+03	1.253665e+06	0.000000e+00	1.254031e+06	-3.664110e+02	
6.380401e+05	-0.000000e+00	6.345805e+05	3.459551e+03	1.289386e+06	0.000000e+00	1.289709e+06	-3.231014e+02	
6.612744e+05	-0.000000e+00	6.581767e+05	3.097706e+03	1.320007e+06	0.000000e+00	1.320296e+06	-2.893072e+02	
6.880556e+05	-0.000000e+00	6.852155e+05	2.840135e+03	1.346395e+06	0.000000e+00	1.346660e+06	-2.652517e+02	
7.181366e+05	-0.000000e+00	7.154417e+05	2.694903e+03	1.369225e+06	0.000000e+00	1.369477e+06	-2.516878e+02	
7.513240e+05	-0.000000e+00	7.486617e+05	2.662254e+03	1.389288e+06	0.000000e+00	1.389536e+06	-2.486386e+02	
7.877182e+05	-0.000000e+00	7.849940e+05	2.724230e+03	1.407651e+06	0.000000e+00	1.407906e+06	-2.544267e+02	
8.274337e+05	-0.000000e+00	8.245812e+05	2.852528e+03	1.425148e+06	0.000000e+00	1.425414e+06	-2.664090e+02	
8.702354e+05	-0.000000e+00	8.672118e+05	3.023528e+03	1.442064e+06	0.000000e+00	1.442346e+06	-2.823794e+02	
9.157793e+05	-0.000000e+00	9.125709e+05	3.208384e+03	1.458411e+06	0.000000e+00	1.458710e+06	-2.996438e+02	
9.639037e+05	-0.000000e+00	9.605397e+05	3.363988e+03	1.474313e+06	0.000000e+00	1.474627e+06	-3.141764e+02	
1.014452e+06	-0.000000e+00	1.011006e+06	3.446310e+03	1.489757e+06	0.000000e+00	1.490079e+06	-3.218648e+02	
1.067165e+06	-0.000000e+00	1.063738e+06	3.427036e+03	1.504072e+06	0.000000e+00	1.504392e+06	-3.200647e+02	
1.121827e+06	-0.000000e+00	1.118548e+06	3.279261e+03	1.516393e+06	0.000000e+00	1.516700e+06	-3.062634e+02	
1.178511e+06	-0.000000e+00	1.175547e+06	2.964181e+03	1.526137e+06	0.000000e+00	1.526414e+06	-2.768368e+02	
1.237381e+06	-0.000000e+00	1.234942e+06	2.439584e+03	1.532815e+06	0.000000e+00	1.533043e+06	-2.278426e+02	
1.298388e+06	-0.000000e+00	1.296710e+06	1.678172e+03	1.535773e+06	0.000000e+00	1.535930e+06	-1.567312e+02	
1.361379e+06	-0.000000e+00	1.360704e+06	6.743192e+02	1.534522e+06	0.000000e+00	1.534585e+06	-6.297738e+01	
1.426405e+06	-0.000000e+00	1.426986e+06	-5.819138e+02	1.528954e+06	0.000000e+00	1.528900e+06	5.434727e+01	
1.493549e+06	-0.000000e+00	1.495648e+06	-2.098291e+03	1.518981e+06	0.000000e+00	1.518785e+06	1.959678e+02	
1.562592e+06	-0.000000e+00	1.566452e+06	-3.860061e+03	1.504111e+06	0.000000e+00	1.503750e+06	3.605066e+02	
1.633160e+06	-0.000000e+00	1.638996e+06	-5.835973e+03	1.483736e+06	0.000000e+00	1.483191e+06	5.450450e+02	
1.704920e+06	-0.000000e+00	1.712913e+06	-7.993572e+03	1.458394e+06	0.000000e+00	1.457648e+06	7.465518e+02	
1.777798e+06	-0.000000e+00	1.788092e+06	-1.029416e+04	1.429190e+06	0.000000e+00	1.428228e+06	9.614130e+02	
1.851767e+06	-0.000000e+00	1.864441e+06	-1.267393e+04	1.397233e+06	0.000000e+00	1.396050e+06	1.183670e+03	
1.926904e+06	-0.000000e+00	1.941954e+06	-1.505073e+04	1.363595e+06	0.000000e+00	1.362190e+06	1.405648e+03	
2.003609e+06	-0.000000e+00	2.020963e+06	-1.735366e+04	1.329647e+06	0.000000e+00	1.328026e+06	1.620728e+03	
2.082379e+06	-0.000000e+00	2.101917e+06	-1.953866e+04	1.297013e+06	0.000000e+00	1.295189e+06	1.824794e+03	
2.163444e+06	-0.000000e+00	2.185002e+06	-2.155803e+04	1.266916e+06	0.000000e+00	1.264903e+06	2.013391e+03	
2.246732e+06	-0.000000e+00	2.270093e+06	-2.336122e+04	1.240065e+06	0.000000e+00	1.237883e+06	2.181798e+03	
2.332102e+06	-0.000000e+00	2.357021e+06	-2.491850e+04	1.217150e+06	0.000000e+00	1.214822e+06	2.327239e+03	
2.419306e+06	-0.000000e+00	2.445536e+06	-2.623016e+04	1.198697e+06	0.000000e+00	1.196247e+06	2.449740e+03	
2.507642e+06	-0.000000e+00	2.534982e+06	-2.734002e+04	1.183858e+06	0.000000e+00	1.181304e+06	2.553395e+03	
2.595846e+06	-0.000000e+00	2.624147e+06	-2.830090e+04	1.171299e+06	0.000000e+00	1.168656e+06	2.643135e+03	
2.682506e+06	-0.000000e+00	2.711689e+06	-2.918261e+04	1.159936e+06	0.000000e+00	1.157211e+06	2.725481e+03	
2.766270e+06	-0.000000e+00	2.796342e+06	-3.007202e+04	1.149080e+06	0.000000e+00	1.146272e+06	2.808547e+03	
2.845744e+06	-0.000000e+00	2.876776e+06	-3.103160e+04	1.137995e+06	0.000000e+00	1.135097e+06	2.898166e+03	
2.919682e+06	-0.000000e+00	2.951723e+06	-3.204091e+04	1.125546e+06	0.000000e+00	1.122553e+06	2.992429e+03	
2.987172e+06	-0.000000e+00	3.020235e+06	-3.306238e+04	1.110712e+06	0.000000e+00	1.107624e+06	3.087829e+03	
3.047773e+06	-0.000000e+00	3.081838e+06	-3.406507e+04	1.092883e+06	0.000000e+00	1.089701e+06	3.181473e+03	
3.101261e+06	-0.000000e+00	3.136266e+06	-3.500581e+04	1.071506e+06	0.000000e+00	1.068236e+06	3.269333e+03	
3.147375e+06	-0.000000e+00	3.183213e+06	-3.583799e+04	1.046189e+06	0.000000e+00	1.042841e+06	3.347054e+03	
3.185782e+06	-0.000000e+00	3.222361e+06	-3.657945e+04	1.017940e+06	0.000000e+00	1.014524e+06	3.416302e+03	
3.216464e+06	-0.000000e+00	3.253743e+06	-3.727935e+04	9.883428e+05	0.000000e+00	9.848611e+05	3.481668e+03	
3.239528e+06	-0.000000e+00	3.277512e+06	-3.798395e+04	9.587962e+05	0.000000e+00	9.552487e+05	3.547474e+03	
3.254958e+06	-0.000000e+00	3.293684e+06	-3.872609e+04	9.301412e+05	0.000000e+00	9.265244e+05	3.616785e+03	
3.262829e+06	-0.000000e+00	3.302375e+06	-3.954539e+04	9.024578e+05	0.000000e+00	8.987645e+05	3.693303e+03	
3.263597e+06	-0.000000e+00	3.304104e+06	-4.050686e+04	8.739627e+05	0.000000e+00	8.701797e+05	3.783099e+03	
3.257693e+06	-0.000000e+00	3.299370e+06	-4.167691e+04	8.422236e+05	0.000000e+00	8.383312e+05	3.892374e+03	
3.245246e+06	-0.000000e+00	3.288354e+06	-4.310869e+04	8.044198e+05	0.000000e+00	8.003937e+05	4.026094e+03	
3.226257e+06	-0.000000e+00	3.271114e+06	-4.485667e+04	7.577329e+05	0.000000e+00	7.535436e+05	4.189344e+03	
3.200908e+06	-0.000000e+00	3.247854e+06	-4.694556e+04	7.003907e+05	0.000000e+00	6.960062e+05	4.384435e+03	
3.169689e+06	-0.000000e+00	3.218918e+06	-4.922888e+04	6.334370e+05	0.000000e+00	6.288394e+05	4.597683e+03	
3.132882e+06	-0.000000e+00	3.184385e+06	-5.150310e+04	5.828054e+05	2.425829e+04	5.537370e+05	4.810081e+03	
3.090645e+06	-0.000000e+00	3.144209e+06	-5.356405e+04	5.487569e+05	7.114430e+04	4.726101e+05	5.002562e+03	
3.043366e+06	-0.000000e+00	3.098590e+06	-5.522392e+04	5.116381e+05	1.185975e+05	3.878830e+05	5.157584e+03	
2.991473e+06	-0.000000e+00	3.047814e+06	-5.634106e+04	4.724548e+05	1.647689e+05	3.024240e+05	5.261918e+03	
2.934743e+06	-0.000000e+00	2.991657e+06	-5.691318e+04	4.331705e+05	2.078894e+05	2.199657e+05	5.315350e+03	
2.873130e+06	-0.000000e+00	2.930105e+06	-5.697455e+04	3.956287e+05	2.461977e+05	1.441099e+05	5.321082e+03	
2.807225e+06	-0.000000e+00	2.863800e+06	-5.657510e+04	3.614926e+05	2.778451e+05	7.836374e+04	5.283776e+03	
2.738021e+06	-0.000000e+00	2.793785e+06	-5.576318e+04	3.321300e+05	3.008122e+05	2.610983e+04	5.207947e+03	
2.666371e+06	-0.000000e+00	2.720941e+06	-5.456944e+04	3.079444e+05	3.137385e+05	-1.089056e+04	5.096459e+03	
2.592608e+06	-0.000000e+00	2.645654e+06	-5.304659e+04	2.875514e+05	3.184653e+05	-3.586815e+04	4.954234e+03	
2.516589e+06	-0.000000e+00	2.567895e+06	-5.130602e+04	2.695277e+05	3.180798e+05	-5.334378e+04	4.791675e+03	
2.438041e+06	-0.000000e+00	2.487521e+06	-4.947936e+04	2.528245e+05	3.158322e+05	-6.762876e+04	4.621076e+03	
2.356483e+06	-0.000000e+00	2.404159e+06	-4.767620e+04	2.364570e+05	3.150093e+05	-8.300504e+04	4.452672e+03	
2.271477e+06	-0.000000e+00	2.317439e+06	-4.596223e+04	2.195392e+05	3.184502e+05	-1.032036e+05	4.292597e+03	
2.183317e+06	-0.000000e+00	2.227634e+06	-4.431607e+04	2.015709e+05	3.270744e+05	-1.296424e+05	4.138855e+03	
2.092577e+06	-0.000000e+00	2.135272e+06	-4.269564e+04	1.822420e+05	3.411708e+05	-1.629162e+05	3.987517e+03	
1.999475e+06	-0.000000e+00	2.040514e+06	-4.103880e+04	1.610685e+05	3.608944e+05	-2.036587e+05	3.832778e+03	
1.903725e+06	-0.000000e+00	1.942993e+06	-3.926793e+04	1.374590e+05	3.860868e+05	-2.522952e+05	3.667389e+03	
1.805018e+06	-0.000000e+00	1.842345e+06	-3.732617e+04	1.113191e+05	4.155191e+05	-3.076861e+05	3.486041e+03	
1.703558e+06	-0.000000e+00	1.738747e+06	-3.518919e+04	1.154907e+05	4.772720e+05	-3.650678e+05	3.286460e+03	
1.599850e+06	-0.000000e+00	1.632695e+06	-3.284521e+04	8.656371e+04	5.029453e+05	-4.194491e+05	3.067546e+03	
1.494573e+06	-0.000000e+00	1.524866e+06	-3.029306e+04	5.850295e+04	5.225818e+05	-4.669081e+05	2.829190e+03	
1.388808e+06	-0.000000e+00	1.416367e+06	-2.755902e+04	3.214026e+04	5.340583e+05	-5.044919e+05	2.573848e+03	
1.283923e+06	-0.000000e+00	1.308622e+06	-2.469906e+04	8.336002e+03	5.363614e+05	-5.303321e+05	2.306744e+03	
1.180981e+06	-0.000000e+00	1.202763e+06	-2.178207e+04	-1.228329e+04	5.296028e+05	-5.439204e+05	2.034315e+03	
1.080701e+06	-0.000000e+00	1.099565e+06	-1.886451e+04	-2.930811e+04	5.142604e+05	-5.453303e+05	1.761833e+03	
9.838426e+05	-0.000000e+00	9.998461e+05	-1.600354e+04	-4.234081e+04	4.909695e+05	-5.348049e+05	1.494635e+03	
8.913286e+05	-0.000000e+00	9.045904e+05	-1.326181e+04	-5.099489e+04	4.604998e+05	-5.127332e+05	1.238574e+03	
8.037355e+05	-0.000000e+00	8.144251e+05	-1.068959e+04	-5.528127e+04	4.238440e+05	-4.801236e+05	9.983441e+02	
7.208825e+05	-0.000000e+00	7.292090e+05	-8.326407e+03	-5.598026e+04	3.826903e+05	-4.394482e+05	7.776366e+02	
6.425348e+05	-0.000000e+00	6.487427e+05	-6.207948e+03	-5.396861e+04	3.388194e+05	-3.933678e+05	5.797852e+02	
5.687121e+05	-0.000000e+00	5.730876e+05	-4.375436e+03	-4.990724e+04	2.939981e+05	-3.443139e+05	4.086395e+02	
4.994034e+05	-0.000000e+00	5.022542e+05	-2.850810e+03	-4.444551e+04	2.498970e+05	-2.946088e+05	2.662486e+02	
4.342948e+05	-0.000000e+00	4.359191e+05	-1.624263e+03	-3.829379e+04	2.080577e+05	-2.465032e+05	1.516964e+02	
3.731093e+05	-0.000000e+00	3.737844e+05	-6.750828e+02	-1.543462e+04	1.863993e+05	-2.018970e+05	6.304870e+01	
3.159781e+05	-0.000000e+00	3.159681e+05	9.986151e+00	-1.069603e+04	1.515385e+05	-1.622336e+05	-9.326467e-01	
2.632191e+05	-0.000000e+00	2.627702e+05	4.489096e+02	-6.265440e+03	1.222726e+05	-1.284961e+05	-4.192547e+01	
2.150219e+05	-0.000000e+00	2.143437e+05	6.782140e+02	-2.328874e+03	9.897233e+04	-1.012379e+05	-6.334113e+01	
