StressAxial	StressAP	StressDV	NetBendFemMag	NetBendFemAng	PeakTensStress	PeakCompStress	FemShear	
-1.692792e+04	1.392162e+06	7.149322e+05	1.565006e+06	2.718236e+01	1.548078e+06	-1.581934e+06	-1.436655e+06	
-1.692978e+04	1.517720e+06	6.727543e+05	1.660143e+06	2.390611e+01	1.643213e+06	-1.677072e+06	-1.542527e+06	
-1.685680e+04	1.641277e+06	6.347079e+05	1.759728e+06	2.114229e+01	1.742871e+06	-1.776585e+06	-1.647490e+06	
-1.671583e+04	1.760846e+06	6.025084e+05	1.861073e+06	1.888941e+01	1.844358e+06	-1.877789e+06	-1.749456e+06	
-1.652164e+04	1.873674e+06	5.766648e+05	1.960407e+06	1.710692e+01	1.943885e+06	-1.976929e+06	-1.845528e+06	
-1.629652e+04	1.977305e+06	5.574717e+05	2.054387e+06	1.574502e+01	2.038091e+06	-2.070684e+06	-1.933243e+06	
-1.606887e+04	2.070505e+06	5.456329e+05	2.141192e+06	1.476332e+01	2.125123e+06	-2.157261e+06	-2.011604e+06	
-1.588379e+04	2.152343e+06	5.416496e+05	2.219451e+06	1.412550e+01	2.203567e+06	-2.235335e+06	-2.080113e+06	
-1.580083e+04	2.221609e+06	5.455709e+05	2.287618e+06	1.379736e+01	2.271817e+06	-2.303419e+06	-2.138143e+06	
-1.587868e+04	2.277622e+06	5.579159e+05	2.344959e+06	1.376390e+01	2.329080e+06	-2.360838e+06	-2.185898e+06	
-1.616475e+04	2.320577e+06	5.799400e+05	2.391946e+06	1.403150e+01	2.375781e+06	-2.408111e+06	-2.224772e+06	
-1.753597e+04	2.350828e+06	6.073348e+05	2.428013e+06	1.448560e+01	2.410477e+06	-2.445549e+06	-2.256098e+06	
-3.053383e+04	2.368522e+06	5.765763e+05	2.437691e+06	1.368157e+01	2.407157e+06	-2.468225e+06	-2.280578e+06	
-4.566272e+04	2.374085e+06	5.453514e+05	2.435916e+06	1.293699e+01	2.390253e+06	-2.481579e+06	-2.299143e+06	
-6.287760e+04	2.368434e+06	5.143768e+05	2.423646e+06	1.225323e+01	2.360769e+06	-2.486524e+06	-2.313080e+06	
-8.223239e+04	2.352139e+06	4.830358e+05	2.401225e+06	1.160494e+01	2.318993e+06	-2.483457e+06	-2.322942e+06	
-1.039679e+05	2.325199e+06	4.489448e+05	2.368144e+06	1.092808e+01	2.264176e+06	-2.472111e+06	-2.328150e+06	
-1.282950e+05	2.288155e+06	4.102265e+05	2.324637e+06	1.016416e+01	2.196342e+06	-2.452932e+06	-2.328494e+06	
-1.552957e+05	2.242237e+06	3.661477e+05	2.271935e+06	9.274304e+00	2.116640e+06	-2.427231e+06	-2.324482e+06	
-1.849783e+05	2.188316e+06	3.159892e+05	2.211012e+06	8.216625e+00	2.026034e+06	-2.395991e+06	-2.316192e+06	
-2.171931e+05	2.126744e+06	2.597811e+05	2.142552e+06	6.964162e+00	1.925359e+06	-2.359745e+06	-2.303332e+06	
-2.513820e+05	2.058397e+06	2.009346e+05	2.068181e+06	5.575381e+00	1.816799e+06	-2.319563e+06	-2.286809e+06	
-2.868666e+05	1.984513e+06	1.438970e+05	1.989723e+06	4.147260e+00	1.702857e+06	-2.276590e+06	-2.268166e+06	
-3.229546e+05	1.905736e+06	9.236715e+04	1.907974e+06	2.774839e+00	1.585019e+06	-2.230928e+06	-2.248231e+06	
-3.589048e+05	1.822236e+06	4.959352e+04	1.822911e+06	1.558963e+00	1.464006e+06	-2.181815e+06	-2.227260e+06	
-3.940663e+05	1.734469e+06	1.853563e+04	1.734568e+06	6.122757e-01	1.340502e+06	-2.128634e+06	-2.205989e+06	
-4.281064e+05	1.642814e+06	5.476116e+02	1.642814e+06	1.909884e-02	1.214708e+06	-2.070920e+06	-2.185316e+06	
-4.607876e+05	1.547096e+06	-4.135300e+03	1.547102e+06	-1.531481e-01	1.086314e+06	-2.007889e+06	-2.165389e+06	
-4.919070e+05	1.446904e+06	4.194458e+03	1.446910e+06	1.660955e-01	9.550026e+05	-1.938817e+06	-2.145914e+06	
-5.213452e+05	1.342407e+06	2.518215e+04	1.342643e+06	1.074683e+00	8.212979e+05	-1.863988e+06	-2.127075e+06	
-5.490531e+05	1.233805e+06	5.815762e+04	1.235175e+06	2.698742e+00	6.861221e+05	-1.784228e+06	-2.108816e+06	
-5.749513e+05	1.120405e+06	1.020935e+05	1.125047e+06	5.206529e+00	5.500953e+05	-1.699998e+06	-2.089918e+06	
-5.989603e+05	1.001285e+06	1.561237e+05	1.013383e+06	8.862394e+00	4.144228e+05	-1.612343e+06	-2.069008e+06	
-6.211073e+05	8.759956e+05	2.198374e+05	9.031593e+05	1.408785e+01	2.820520e+05	-1.524267e+06	-2.045468e+06	
-6.414588e+05	7.441107e+05	2.930209e+05	7.997262e+05	2.149387e+01	1.582674e+05	-1.441185e+06	-2.018805e+06	
-6.598802e+05	6.043366e+05	3.759589e+05	7.117358e+05	3.188583e+01	5.185558e+04	-1.371616e+06	-1.987403e+06	
-6.759887e+05	4.544791e+05	4.703053e+05	6.540171e+05	4.598045e+01	-2.197157e+04	-1.330006e+06	-1.948888e+06	
-6.892450e+05	2.925208e+05	5.790238e+05	6.487195e+05	6.319728e+01	-4.052545e+04	-1.337964e+06	-1.901243e+06	
-6.988221e+05	1.161324e+05	7.063856e+05	7.158683e+05	8.066390e+01	1.704616e+04	-1.414690e+06	-1.842139e+06	
-7.035850e+05	-7.671397e+04	8.571826e+05	8.606086e+05	-8.488594e+01	1.570236e+05	-1.564194e+06	-1.769040e+06	
-7.027719e+05	-2.835273e+05	1.033380e+06	1.071570e+06	-7.465740e+01	3.687980e+05	-1.774342e+06	-1.682476e+06	
-6.960452e+05	-4.989346e+05	1.234928e+06	1.331909e+06	-6.800037e+01	6.358642e+05	-2.027955e+06	-1.585089e+06	
-6.833775e+05	-7.165630e+05	1.460144e+06	1.626494e+06	-6.386061e+01	9.431165e+05	-2.309871e+06	-1.480207e+06	
-6.650437e+05	-9.297924e+05	1.705423e+06	1.942416e+06	-6.140091e+01	1.277372e+06	-2.607460e+06	-1.371328e+06	
-6.416189e+05	-1.132751e+06	1.965967e+06	2.268954e+06	-6.005034e+01	1.627335e+06	-2.910573e+06	-1.261866e+06	
-6.137373e+05	-1.321964e+06	2.237399e+06	2.598758e+06	-5.942336e+01	1.985020e+06	-3.212495e+06	-1.154142e+06	
-5.821131e+05	-1.494805e+06	2.515190e+06	2.925854e+06	-5.927655e+01	2.343741e+06	-3.507967e+06	-1.050221e+06	
-5.474418e+05	-1.649508e+06	2.794701e+06	3.245186e+06	-5.944977e+01	2.697744e+06	-3.792628e+06	-9.516324e+05	
-5.104619e+05	-1.784700e+06	3.071531e+06	3.552387e+06	-5.984148e+01	3.041926e+06	-4.062849e+06	-8.598699e+05	
-4.741900e+05	-1.855204e+06	3.343748e+06	3.823929e+06	-6.097730e+01	3.349739e+06	-4.298119e+06	-7.758218e+05	
-4.407654e+05	-1.824524e+06	3.612524e+06	4.047124e+06	-6.320372e+01	3.606359e+06	-4.487890e+06	-6.987556e+05	
-4.052465e+05	-1.779974e+06	3.879527e+06	4.268376e+06	-6.535379e+01	3.863130e+06	-4.673623e+06	-6.269416e+05	
-3.713178e+05	-1.724409e+06	4.146850e+06	4.491097e+06	-6.742073e+01	4.119779e+06	-4.862414e+06	-5.583554e+05	
-3.371317e+05	-1.660165e+06	4.416693e+06	4.718403e+06	-6.939957e+01	4.381271e+06	-5.055534e+06	-4.912125e+05	
-3.006923e+05	-1.588579e+06	4.686575e+06	4.948491e+06	-7.127523e+01	4.647799e+06	-5.249184e+06	-4.255285e+05	
-2.628323e+05	-1.510538e+06	4.950534e+06	5.175859e+06	-7.303170e+01	4.913027e+06	-5.438691e+06	-3.625410e+05	
-2.244376e+05	-1.426911e+06	5.203094e+06	5.395207e+06	-7.466412e+01	5.170769e+06	-5.619645e+06	-3.037505e+05	
-1.864588e+05	-1.338550e+06	5.439299e+06	5.601579e+06	-7.617489e+01	5.415121e+06	-5.788038e+06	-2.510290e+05	
-1.497688e+05	-1.246870e+06	5.654196e+06	5.790044e+06	-7.756413e+01	5.640276e+06	-5.939813e+06	-2.058049e+05	
-1.148790e+05	-1.154546e+06	5.844187e+06	5.957139e+06	-7.882488e+01	5.842260e+06	-6.072018e+06	-1.677973e+05	
-9.167000e+04	-1.074960e+06	5.945900e+06	6.042290e+06	-7.975221e+01	5.950620e+06	-6.133960e+06	-1.363258e+05	
-9.310298e+04	-1.024535e+06	5.876883e+06	5.965520e+06	-8.011086e+01	5.872417e+06	-6.058623e+06	-1.109361e+05	
-9.376403e+04	-9.765660e+05	5.800660e+06	5.882290e+06	-8.044365e+01	5.788526e+06	-5.976054e+06	-9.089451e+04	
-9.379655e+04	-9.327087e+05	5.716516e+06	5.792107e+06	-8.073329e+01	5.698310e+06	-5.885903e+06	-7.514658e+04	
-9.337999e+04	-8.933993e+05	5.624603e+06	5.695113e+06	-8.097469e+01	5.601733e+06	-5.788493e+06	-6.304823e+04	
-9.269535e+04	-8.583289e+05	5.525752e+06	5.592018e+06	-8.117069e+01	5.499322e+06	-5.684713e+06	-5.454418e+04	
-9.189400e+04	-8.269346e+05	5.420261e+06	5.482979e+06	-8.132567e+01	5.391085e+06	-5.574873e+06	-4.969128e+04	
-9.109959e+04	-7.983869e+05	5.307888e+06	5.367597e+06	-8.144600e+01	5.276497e+06	-5.458696e+06	-4.866956e+04	
-9.038345e+04	-7.711875e+05	5.189152e+06	5.246145e+06	-8.154687e+01	5.155761e+06	-5.336528e+06	-5.205871e+04	
-8.974046e+04	-7.434760e+05	5.065174e+06	5.119448e+06	-8.164967e+01	5.029707e+06	-5.209188e+06	-6.039629e+04	
-8.913781e+04	-7.138445e+05	4.936141e+06	4.987490e+06	-8.177120e+01	4.898352e+06	-5.076628e+06	-7.365114e+04	
-8.853366e+04	-6.812995e+05	4.801668e+06	4.849761e+06	-8.192435e+01	4.761227e+06	-4.938295e+06	-9.129172e+04	
-8.789194e+04	-6.449980e+05	4.662156e+06	4.706561e+06	-8.212330e+01	4.618669e+06	-4.794453e+06	-1.129028e+05	
-8.715891e+04	-6.049647e+05	4.518412e+06	4.558731e+06	-8.237412e+01	4.471572e+06	-4.645890e+06	-1.373623e+05	
-8.625625e+04	-5.621253e+05	4.370525e+06	4.406526e+06	-8.267103e+01	4.320270e+06	-4.492782e+06	-1.624815e+05	
-8.510646e+04	-5.176028e+05	4.218380e+06	4.250017e+06	-8.300470e+01	4.164910e+06	-4.335123e+06	-1.858953e+05	
-8.364659e+04	-4.724526e+05	4.062769e+06	4.090147e+06	-8.336699e+01	4.006500e+06	-4.173793e+06	-2.057586e+05	
-8.183152e+04	-4.279179e+05	3.904831e+06	3.928208e+06	-8.374612e+01	3.846376e+06	-4.010039e+06	-2.205021e+05	
-8.090987e+04	-3.860556e+05	3.744591e+06	3.764439e+06	-8.411381e+01	3.683529e+06	-3.845349e+06	-2.284153e+05	
-8.016484e+04	-3.488544e+05	3.581594e+06	3.598543e+06	-8.443685e+01	3.518378e+06	-3.678708e+06	-2.279236e+05	
-7.950634e+04	-3.174890e+05	3.416079e+06	3.430801e+06	-8.469024e+01	3.351295e+06	-3.510308e+06	-2.184047e+05	
-7.908627e+04	-2.925913e+05	3.248301e+06	3.261452e+06	-8.485299e+01	3.182366e+06	-3.340539e+06	-1.997365e+05	
-7.902580e+04	-2.742714e+05	3.077743e+06	3.089940e+06	-8.490760e+01	3.010914e+06	-3.168965e+06	-1.719385e+05	
-7.930664e+04	-2.615354e+05	2.904518e+06	2.916269e+06	-8.485475e+01	2.836962e+06	-2.995575e+06	-1.366211e+05	
-8.089751e+04	-2.341358e+05	2.729735e+06	2.739758e+06	-8.509764e+01	2.658860e+06	-2.820655e+06	-2.341287e+05	
-8.177474e+04	-2.251450e+05	2.554575e+06	2.564478e+06	-8.496334e+01	2.482703e+06	-2.646252e+06	-1.767193e+05	
-8.270418e+04	-2.183048e+05	2.379345e+06	2.389338e+06	-8.475782e+01	2.306634e+06	-2.472043e+06	-1.197058e+05	
-8.359632e+04	-2.128101e+05	2.204549e+06	2.214796e+06	-8.448622e+01	2.131200e+06	-2.298393e+06	-6.429577e+04	
-8.435331e+04	-2.076977e+05	2.032063e+06	2.042650e+06	-8.416408e+01	1.958297e+06	-2.127003e+06	-1.184785e+04	
-8.488889e+04	-2.022557e+05	1.864275e+06	1.875214e+06	-8.380821e+01	1.790325e+06	-1.960103e+06	3.644992e+04	
-8.514224e+04	-1.960927e+05	1.703053e+06	1.714305e+06	-8.343181e+01	1.629163e+06	-1.799448e+06	8.017923e+04	
-8.506756e+04	-1.889262e+05	1.550496e+06	1.561964e+06	-8.305285e+01	1.476896e+06	-1.647031e+06	1.190367e+05	
-8.461365e+04	-1.807089e+05	1.409936e+06	1.421469e+06	-8.269635e+01	1.336856e+06	-1.506083e+06	1.524557e+05	
-8.375506e+04	-1.718004e+05	1.284615e+06	1.296052e+06	-8.238267e+01	1.212297e+06	-1.379807e+06	1.803200e+05	
-8.251304e+04	-1.627747e+05	1.176349e+06	1.187557e+06	-8.212188e+01	1.105044e+06	-1.270070e+06	2.032541e+05	
-8.093883e+04	-1.540127e+05	1.086408e+06	1.097270e+06	-8.193136e+01	1.016332e+06	-1.178209e+06	2.219438e+05	
-7.911317e+04	-1.452389e+05	1.016061e+06	1.026389e+06	-8.186510e+01	9.472757e+05	-1.105502e+06	2.368962e+05	
-7.614221e+04	-1.534793e+05	9.657719e+05	9.778912e+05	-8.097016e+01	9.017490e+05	-1.054033e+06	3.589285e+04	
-7.510326e+04	-1.243856e+05	9.350155e+05	9.432528e+05	-8.242243e+01	8.681496e+05	-1.018356e+06	6.694384e+04	
-7.405305e+04	-9.252202e+04	9.235314e+05	9.281544e+05	-8.427906e+01	8.541013e+05	-1.002207e+06	9.805734e+04	
-7.299137e+04	-5.648579e+04	9.316563e+05	9.333671e+05	-8.653047e+01	8.603757e+05	-1.006358e+06	1.304806e+05	
