"PercentStance"	"InterpV.N"	"InterpML.N"	"InterpHz.N"	"SquaredV.N"	"SquaredML.N"	"SquaredHz.N"	"NetGRF.N"	"APAngle"	"APAngle.Convert"	"MLAngle"	"MLAngle.Convert"	"InterpV.BW"	"InterpML.BW"	"InterpHz.BW"	"NetGRF.BW"
0	0.0513862679804535	-0.0059742788180367	-0.00892067735042922	0.00264054853695898	3.5692007395642e-05	7.95784843904609e-05	0.0524958953513995	99.8484194949122	-9.84841949491221	96.631559019141	-6.63155901914102	0.0819296364484271	-0.00952531699304321	-0.0142230187347405	0.0836988127413894
1	0.0560096140097507	-0.0070320301602965	-0.00859040647431393	0.00313707686152126	4.94494481753196e-05	7.37950833939347e-05	0.0570992241023511	98.7197213977159	-8.71972139771593	97.1560653992265	-7.15606539922653	0.0893010427451382	-0.011211782781085	-0.0136964388939954	0.091038303734616
2	0.0604683152310717	-0.00807504220822272	-0.00828054101651346	0.00365641714688426	6.52063066645785e-05	6.85673595261618e-05	0.0615645256058633	97.7975930944221	-7.79759309442211	97.6063736005052	-7.60637360050521	0.0964099413760709	-0.0128747484187224	-0.0132023932023493	0.0981577257746545
3	0.064702014664399	-0.00910782668103213	-0.00803864208338624	0.0041863507016321	8.29525068517207e-05	6.46197665447883e-05	0.0658325373582745	97.0821930955871	-7.08219309558706	98.0126358850119	-8.01263588501187	0.10316009991135	-0.0145214073358293	-0.012816712505399	0.104962591451331
4	0.0687013153970489	-0.0101318276530529	-0.00790611482684091	0.00471987073728479	0.000102653931591167	6.25066516551937e-05	0.0698929990809605	96.5646934035517	-6.5646934035517	98.3893076876233	-8.38930768762333	0.109536536028458	-0.0161540619468318	-0.0126054126703458	0.111436541902042
5	0.0724779989396266	-0.0111894312546226	-0.00793336786564335	0.00525306033029252	0.000125203371801925	6.29383256916225e-05	0.0737645038469457	96.2466691453052	-6.24666914530519	98.7762542566254	-8.77625425662545	0.115558034023639	-0.0178402921789263	-0.0126488645817018	0.117609221694748
6	0.0760675045450476	-0.0123381703608604	-0.00816654335510144	0.00578626524771084	0.000152230447853614	6.66924303707515e-05	0.0774931488967586	96.1277558445741	-6.12775584457411	99.2131544306967	-9.21315443069672	0.121281097807793	-0.0196718277437187	-0.0130206367268837	0.123554127705291
7	0.0795512424444102	-0.0136090392704712	-0.00863255428649745	0.00632840017444933	0.000185205949865227	7.45209935093255e-05	0.0811672786153625	96.1932544139448	-6.19325441394481	99.707764962363	-9.70776496236296	0.126835526856521	-0.0216980855715421	-0.0137636388496452	0.12941211513929
8	0.0830256941586475	-0.0150310339826655	-0.00934221614974296	0.00689326589052527	0.000225931982588045	8.72770025885182e-05	0.0848909587394431	96.4200307932604	-6.42003079326042	100.261722436948	-10.261722436948	0.132375150125395	-0.0239652965284845	-0.0148951150346667	0.135349105133041
9	0.0865744972834474	-0.0166544976916478	-0.0103037598463551	0.00749514357988164	0.000277372293361102	0.00010616746697136	0.0887619475913756	96.7871944309776	-6.78719443097755	100.889072828903	-10.8890728289029	0.138033318372843	-0.0265537271869385	-0.0164281885305407	0.141520962358698
10	0.0902862248953666	-0.0185124166984288	-0.0115235798728234	0.00815160240585672	0.000342709572016266	0.000132792893085341	0.0928822096580304	97.2735555511011	-7.27355555110114	101.587404258502	-11.5874042585017	0.143951251427562	-0.0295159705013214	-0.01837305464417	0.148090257745584
11	0.0942522407225248	-0.0206046042964622	-0.012999212827353	0.00888348488121676	0.000424549718213789	0.000168979534130819	0.0973499570290679	97.852659341371	-7.85265934137102	102.331502707175	-12.3315027071749	0.150274618498923	-0.0328517287890022	-0.020725785757897	0.155213579446856
12	0.0985403515265942	-0.0229331900309018	-0.0147162130937744	0.00971020087898476	0.000525931204993454	0.000216566927821377	0.102238441947242	98.4938909830201	-8.49389098302007	103.101175906787	-13.1011759067868	0.157111529857452	-0.036564397370698	-0.0234633499581862	0.163007719941394
13	0.103173584058252	-0.0254990335444315	-0.0166562425388401	0.0106447884474252	0.000650200711700043	0.000277430415512666	0.107575181034651	99.1706506976396	-9.17065069763959	103.882286902106	-13.8822869021059	0.164498699072468	-0.0406553468501778	-0.0265565091499364	0.171516551394533
14	0.108152355784923	-0.0282653814599941	-0.0187906600803262	0.0116969320618286	0.000798931789078978	0.000353088906254365	0.11335322120329	99.8563218102166	-9.85632181021657	104.646526531768	-14.6465265317678	0.172436791748921	-0.0450659780931028	-0.0299595983423568	0.180728987887898
15	0.113451101203206	-0.031172288046967	-0.0210744981409218	0.0128711523642201	0.000971711542083082	0.000444134471891716	0.119528232556977	100.523229103122	-10.5232291031218	105.36368392057	-15.3636839205705	0.180885046561234	-0.0497007143605979	-0.0336009217808064	0.190574350377834
16	0.118999122613235	-0.0341677637890264	-0.0234618164852914	0.0141607911827197	0.0011674360823427	0.000550456832789491	0.126010650731801	101.153362394572	-11.1533623945724	106.020158361122	-16.0201583611217	0.189730743962428	-0.0544766642044426	-0.0374072329165998	0.200909838539223
17	0.124707640752475	-0.0371824110361017	-0.0259055709456748	0.0155519956620484	0.00138253169045762	0.00067109860602139	0.132686193549018	101.735177671243	-11.7351776712432	106.602298994763	-16.6022989947633	0.19883233538341	-0.0592831808611315	-0.0413035251047111	0.211553242265653
18	0.130497304034954	-0.0401090333791265	-0.0283524308439414	0.0170295463603912	0.00160873455860788	0.00080386033476048	0.139435078992912	102.257835769985	-12.257835769985	107.085086291845	-17.0850862918452	0.208063303627159	-0.0639493516886583	-0.0452047685649576	0.222313582577985
19	0.136285606977566	-0.042846535301066	-0.0307515923284981	0.0185737666692436	0.00183582558730549	0.000945660430738143	0.146134365182483	102.715324263548	-12.7153242635485	107.452512745363	-17.452512745363	0.21729210296168	-0.0683139912325669	-0.0490299622584472	0.23299484244656
20	0.141991387365437	-0.0453143817228908	-0.0330636119048799	0.0201615540859616	0.00205339319092786	0.00109320243219652	0.152670068150525	103.10810754733	-13.10810754733	107.699688581209	-17.6996885812094	0.226389329345403	-0.0722486953489968	-0.0527162179605866	0.243415287229791
21	0.14756962651851	-0.0474228350301963	-0.0352596166804642	0.0217767946708125	0.00224892528230121	0.00124324056845327	0.158962135496372	103.438047640568	-13.438047640568	107.815278573421	-17.8152785734208	0.235283205546094	-0.0756103874843691	-0.0562175010849238	0.253447282360287
22	0.153000784367788	-0.0490882085606801	-0.0373214843445483	0.0234092400171584	0.00240965221969683	0.00139289319368036	0.164959950989734	103.708452522179	-13.7084525221792	107.788127673208	-17.788127673208	0.243942577117009	-0.0782656386490435	-0.0595049176411803	0.263010125940265
23	0.158259614768779	-0.050276012247572	-0.0392516591101604	0.0250461056667623	0.00252767740751801	0.00154069274290024	0.17062964518858	103.929458785303	-13.929458785303	107.624043790233	-17.6240437902334	0.252327191914507	-0.080159458302889	-0.0625823646526792	0.272049816946077
24	0.163329141814951	-0.0509785222672566	-0.0410651529761677	0.0266764085660084	0.00259880973255318	0.00168634678895606	0.175958986947293	104.113102162959	-14.113102162959	107.334260829608	-17.3342608296076	0.260409983761083	-0.0812795316761106	-0.0654737770665939	0.280546854188924
25	0.16822656765543	-0.051186936686237	-0.0427807356090432	0.028300178065127	0.00262010248732084	0.00183019133925086	0.180970914490972	104.268117378459	-14.2681173784589	106.923631067041	-16.923631067041	0.268218379552663	-0.0816118250737197	-0.0682090810093163	0.288537810094024
26	0.172974469410413	-0.0509230396537382	-0.0444209369099537	0.0299201670678139	0.00259315596757619	0.00197321963595809	0.185705526765759	104.402685398828	-14.4026853988285	106.40423245289	-16.4042324528901	0.275788375973235	-0.0811910708764958	-0.0708241978793905	0.296086617930101
27	0.177576608640405	-0.0502507882764746	-0.0460178185337688	0.0315334519362276	0.00252514172240708	0.00211763962260688	0.190200508099325	104.52823850122	-14.5282385012205	105.800499782497	-15.8004997824972	0.283125970408809	-0.0801192415122363	-0.0733702463867487	0.303253361127751
28	0.182041322263297	-0.0492300909954448	-0.0475983048028604	0.0331390430113696	0.00242360185941977	0.002265598620106	0.19449484181051	104.653067926808	-14.6530679268082	105.132728268874	-15.1327282688745	0.290244455139185	-0.0784918542656964	-0.0758901543412953	0.310100194213186
29	0.186382867349865	-0.0479079678238655	-0.0491690508062571	0.0347385732415574	0.00229517338101253	0.00241759555718829	0.19862361939044	104.778323924852	-14.7783239248519	104.415278554115	-14.4152785541145	0.297166561463433	-0.0763838772701937	-0.0783945325354864	0.316683066630165
30	0.190593948437312	-0.0463580373732306	-0.0507312007245584	0.0363260531809247	0.00214906762909784	0.00257365472695543	0.202604974117069	104.905073486388	-14.9050734863878	103.670554205368	-13.6705542053677	0.303880657585	-0.0739126871384416	-0.0808852052368597	0.32303088985502
31	0.194657710588606	-0.0446674069142262	-0.0522869471357041	0.0378916242915975	0.00199517724044106	0.00273392484077192	0.206447878101981	105.03530279612	-15.0353027961202	102.923724950959	-12.9237249509592	0.31035987019867	-0.0712171666362025	-0.0833656682648343	0.329157968912597
32	0.198585251246475	-0.0428944803803227	-0.0538276167016209	0.0394361020126256	0.00183993644709789	0.00289741231977662	0.210174810049873	105.165924593553	-15.1659245935527	102.188651426025	-12.1886514260249	0.316621892931242	-0.0683904342798512	-0.0858220929553904	0.335100143574414
33	0.202404516643049	-0.0410899413397637	-0.0553311598904914	0.0409675883575063	0.00168838327930522	0.00306153725482712	0.213816530912927	105.289346319251	-15.2893463192509	101.475609025818	-11.4756090258182	0.322711282913025	-0.0655132993299804	-0.0882193238049927	0.340906458725968
34	0.206135232745876	-0.0393250063042165	-0.0567743808264494	0.0424917341791965	0.00154645612082667	0.00322333031822671	0.217397149517306	105.398780060312	-15.3987800603125	100.800699344104	-10.8006993441043	0.328659490985134	-0.0626993085207533	-0.090520377593191	0.34661535318448
35	0.209801433819634	-0.0376528469826812	-0.0581416614688091	0.0440166416327743	0.0014177368859012	0.0033804527983536	0.220940786902349	105.489494296542	-15.4894942965421	100.17450000951	-10.1745000095097	0.334504837084876	-0.0600332381739177	-0.0927003531071574	0.352265285239714
36	0.213441270703351	-0.0360918984865479	-0.0594207165989602	0.0455571760394612	0.00130262513636328	0.00353082156113394	0.224478557410186	105.556870484323	-15.5568704843225	99.5976537809711	-9.59765378097107	0.340308148442843	-0.0575444810053378	-0.0947396629447707	0.357905863217772
37	0.217081223326279	-0.0346724300785835	-0.0606024980409511	0.0471242575208338	0.00120217740755426	0.00367266276880348	0.22803310658146	105.598122338659	-15.598122338659	99.0746897368591	-9.07468973685906	0.346111644333991	-0.0552812979569252	-0.0966238808050878	0.363573192891359
38	0.220730836889697	-0.0334415071892749	-0.0616857149825418	0.048722102354026	0.00111833440309032	0.00380512743290738	0.231615120814734	105.613618327487	-15.6136183274875	98.6149988408339	-8.61499884083386	0.351930543510359	-0.0533187295747368	-0.0983509486328791	0.369284312523491
39	0.224413047281916	-0.0324258354634802	-0.0626719992191091	0.0503612157903555	0.00105143480550469	0.00392777948612001	0.235245467718254	105.603493620254	-15.6034936202543	98.221864629935	-8.221864629935	0.357801414671422	-0.0516993550119263	-0.0999234681427122	0.375072493173237
40	0.228153120506072	-0.0316416561746383	-0.0635589547845747	0.0520538463966582	0.00100119440547403	0.00403974073330761	0.238945143360228	105.566787191099	-15.5667871910993	97.8957607893279	-7.89576078932792	0.363764541623201	-0.0504490691559922	-0.10133761923561	0.380971210714649
41	0.231948305887388	-0.0311277309192384	-0.0643509272023084	0.0538000166040293	0.00096893563218051	0.00414104183179679	0.242713811036798	105.505956561213	-15.505956561213	97.6434918960122	-7.64349189601219	0.369815538723514	-0.0496296730217449	-0.102600330360823	0.386979928311222
42	0.235785191831148	-0.0309138123600759	-0.0650581990029604	0.0555946566868513	0.000955663794633981	0.0042325692575088	0.246541862041711	105.425324526985	-15.4253245269847	97.4694483849934	-7.46944838499343	0.375933022689968	-0.0492886038904271	-0.103727995859312	0.393083325959361
43	0.239666318781599	-0.0309939109814646	-0.0656794269076486	0.057439944358323	0.000960622517926952	0.00431378711891715	0.250428341038244	105.325384136767	-15.3253841367669	97.3686569279576	-7.36865692795759	0.382121043975764	-0.0494163121515698	-0.104718474023674	0.399279880481894
44	0.243590189686196	-0.0313650645883643	-0.0662096503816648	0.059336180511357	0.000983767276632264	0.00438371780366229	0.254369152201385	105.206058731602	-15.2060587316023	97.3371257010245	-7.33712570102448	0.388377215698654	-0.0500080749176727	-0.105563855838114	0.405563061545576
45	0.247536812426086	-0.0320434471182284	-0.0666558225612271	0.0612744735060673	0.0010267825032187	0.00444299868131379	0.258349094619276	105.070926063341	-15.0709260633413	97.3758769940294	-7.37587699402937	0.394669662669142	-0.0510896797165631	-0.106275227297875	0.411908633002673
46	0.251489470005935	-0.0330221823981464	-0.0670300642242544	0.0632469535238661	0.00109046453033645	0.00449302950990767	0.262355574677022	104.924228846006	-14.9242288460064	97.4805082623428	-7.48050826234279	0.400971731514565	-0.0526501632623508	-0.106871913622855	0.418296515747802
47	0.255433111792671	-0.0342722999236352	-0.0673335484364702	0.0652460746000871	0.00117459054205561	0.00453380674504648	0.266372806208121	104.767539898793	-14.7675398987931	97.6419232652125	-7.64192326521254	0.407259425689845	-0.0546433353374286	-0.107355785134678	0.424701540510397
48	0.259323298133991	-0.0357801994514662	-0.0675632214558472	0.0672485729550908	0.0012802226727867	0.00456478889349185	0.270358252179158	104.603012880546	-14.6030128805461	97.8557999074879	-7.85579990748791	0.413461891157511	-0.0570475118805265	-0.10772197298445	0.43105588676524
49	0.263092216723247	-0.0375274809324708	-0.0677210926413153	0.069217514500352	0.00140831182513696	0.00458614638853361	0.274248013145077	104.434827816107	-14.4348278161068	98.1179109655269	-8.11791096552695	0.419471008806197	-0.0598333560785567	-0.107973680869444	0.437257674019575
50	0.266679385932148	-0.0394561115422472	-0.0678086003092481	0.0711178948811475	0.00155678473803425	0.00459800627589936	0.27797965014562	104.266279374694	-14.2662793746943	98.4160479376245	-8.4160479376245	0.425190347468348	-0.0629083411068992	-0.108113202023674	0.443207350359725
51	0.270026409555752	-0.0415005345784183	-0.0678217960775443	0.0729142618575707	0.00172229437029449	0.004599796023184	0.281489524229676	104.099171699399	-14.099171699399	98.7374583866877	-8.73745838668766	0.43052680094986	-0.066167944162019	-0.108134241195064	0.448803450621294
52	0.273067283345474	-0.0436158741715659	-0.0677566557868453	0.0745657412336774	0.00190234447974987	0.00459096440341704	0.28470871099572	103.935451660318	-13.9354516603181	99.0749546158799	-9.07495461587993	0.435375132885003	-0.069540615707216	-0.10803038231321	0.453936082582461
53	0.27575973535802	-0.0457444873677558	-0.0676133044074071	0.0760434316447252	0.00209255812453877	0.0045715589328887	0.287589201296142	103.776525871685	-13.7765258716846	99.4187578475612	-9.41875784756115	0.439667945405006	-0.0729344505225698	-0.107801824629157	0.458528701046144
54	0.278096957964781	-0.0478075607718791	-0.0673907092550375	0.0773379180292652	0.00228556286695691	0.004541507693897	0.290112027655041	103.621792308977	-13.6217923089771	99.7543552778851	-9.75435527788508	0.443394384510174	-0.0762237894959807	-0.107446921643874	0.462551064501021
55	0.280075924680886	-0.0497495968539672	-0.0670916380635877	0.0784425235858533	0.00247502238713226	0.00450128789805545	0.29226500623756	103.471245565661	-13.4712455656605	100.072332696212	-10.0723326962125	0.446549624810086	-0.0793201480452283	-0.106970086198322	0.465983747189987
56	0.281693289572973	-0.0515351583309256	-0.0667224971619131	0.0793511093904428	0.00265587254419357	0.0044518916275215	0.294038898042687	103.325622384878	-13.3256223848783	100.367483404689	-10.3674834046887	0.449128331589562	-0.0821670254000727	-0.106381532464785	0.468812018562958
57	0.282969597489044	-0.0531138999219358	-0.0662817035575058	0.0800717931031116	0.00282108636491741	0.00439326422648508	0.295442284878983	103.183068154087	-13.1830681540874	100.630823912829	-10.6308239128291	0.451163261302685	-0.0846841516612497	-0.105678736539391	0.471049561350419
58	0.283932493137284	-0.0544426268463539	-0.0657602672329354	0.0806176606591538	0.00296399961793133	0.00432441274654708	0.296489583330734	103.040089038576	-13.0400890385765	100.854431939429	-10.8544319394292	0.45269849033368	-0.0868026575994163	-0.10484736484843	0.472719361177828
59	0.284583484672144	-0.0555179204047468	-0.0651548868896858	0.0809877597481404	0.0030822394860678	0.00424515928560775	0.297178664307881	102.895517433288	-12.8955174332877	101.038891220362	-11.0388912203624	0.453736423265536	-0.088517092482058	-0.103882153841974	0.473818023450065
60	0.284915623066499	-0.0563435398504399	-0.0644651915574951	0.0811769122673713	0.00317459448287811	0.00415576092254454	0.297501710369527	102.749113904209	-12.7491139042085	101.18620732467	-11.18620732467	0.454265980654494	-0.0898334500166452	-0.102782512049578	0.474333084135088
61	0.284933196063251	-0.0569067705580711	-0.063681009136704	0.081186926218819	0.00323838053534895	0.00405527092466898	0.297456850112478	102.598256035485	-12.5982560354853	101.294488964043	-11.2944889640432	0.454293998825336	-0.0907314581601899	-0.101532221200102	0.474261559490557
62	0.284628446906411	-0.0572112309763211	-0.0627884869671084	0.0810133527883556	0.00327312494982596	0.00394239409561874	0.297033452381715	102.440099533482	-12.4400995334819	101.365190638978	-11.3651906389784	0.453808110501293	-0.0912168861229609	-0.100109194781742	0.473586499333091
63	0.28397610724349	-0.0572798565963588	-0.0617800770331615	0.0806424294851661	0.00328098197169943	0.00381677791822337	0.296209705065666	102.273662792012	-12.2736627920125	101.403922008915	-11.4039220089152	0.452768028130564	-0.0913263019712353	-0.0985013983309335	0.472273126699085
64	0.282961938900825	-0.0571144332063467	-0.0606513942801608	0.0800674588665142	0.00326205848048224	0.00367859162812752	0.294971369754971	102.09798875612	-12.0979887561196	101.411537467502	-11.4115374675015	0.451151050543407	-0.0910625529437926	-0.0967018403701543	0.470298740043003
65	0.281577688914714	-0.0567041404212003	-0.0593903967348451	0.0792859948945515	0.0032153595409072	0.0035272192243223	0.293306279611912	101.910261424804	-11.9102614248038	101.385944322795	-11.3859443227947	0.448944019315552	-0.0904083871511484	-0.0946913213246892	0.467643940707767
66	0.279795222210653	-0.0560621294825045	-0.0579854753595639	0.0782853663719087	0.0031429623621131	0.00336231535267459	0.291188330959014	101.708378350912	-11.7083783509124	101.330228633024	-11.330228633024	0.44610207622872	-0.0893847727718503	-0.0924513318870598	0.464267109309653
67	0.277576639328841	-0.0552065863985646	-0.0564308463499555	0.0770487907010935	0.00304776718178218	0.00318444041977229	0.288584473426149	101.491524454751	-11.4915244547506	101.248641844387	-11.248641844387	0.44256479484828	-0.0880207053548543	-0.0899726504304137	0.460115550743223
68	0.274892456143447	-0.054138346809334	-0.0547264134485971	0.0755658624445769	0.00293096059524773	0.00299498032894679	0.28546769233798	101.259403844655	-11.2594038446551	101.141457850146	-11.1414578501464	0.438285166045037	-0.0863175172342698	-0.0872551234830948	0.455146193140911
69	0.271697530928216	-0.0528739317103325	-0.0528760917196233	0.0738195483124889	0.0027956526545089	0.00279588107554202	0.281799719734672	101.012890972166	-11.0128909721661	101.012452089578	-11.0124520895785	0.433191216403406	-0.0843015492830556	-0.0843049931754198	0.449298022536148
70	0.267923034756602	-0.0514590477901085	-0.0508882633057653	0.0717827525531874	0.00264803359946467	0.0025896153422769	0.277525497017714	100.754434852459	-10.7544348524587	100.872201698346	-10.8722016983464	0.427173205925705	-0.0820456756857597	-0.0811356238931207	0.44248325417365
71	0.263510412632305	-0.0499273593255561	-0.0487693176387282	0.0694377375656477	0.00249274120922319	0.00237844634294717	0.272596634457981	100.485399981706	-10.4853999817055	100.728664222728	-10.7286642227277	0.420137775242833	-0.0796035703532463	-0.0777572028678702	0.434624736061831
72	0.258421583725309	-0.0482980304409844	-0.0465245028516134	0.0667817149350969	0.00233269974447826	0.00216452936558978	0.266981167959774	100.205824433488	-10.2058244334885	100.586235315263	-10.5862353152626	0.412024208745709	-0.0770057883306511	-0.0741780976588224	0.425671505037904
73	0.252614675857474	-0.0466116805207482	-0.0441647330753486	0.0638141744585767	0.0021726487609683	0.00195052364761679	0.26064793662556	99.916818437811	-9.91681843781105	100.454453024187	-10.454453024187	0.402765745946228	-0.0743170926670092	-0.0704157096226859	0.415573878548405
74	0.246056544764424	-0.0449124853820075	-0.0417034061590685	0.060543823221407	0.00201713134318904	0.00173917408526823	0.253574700334762	99.6194804055438	-9.61948040554383	100.34427198588	-10.34427198588	0.392309542035115	-0.0716079167442722	-0.0664914001260658	0.404296397217414
75	0.238753721244967	-0.0432132349566902	-0.0391493702247063	0.0570033394083194	0.00186738367542211	0.00153267318899112	0.245771024070643	99.3121406439362	-9.31214064393625	100.259185497597	-10.2591854975971	0.380666009638021	-0.0688986526732943	-0.0624192765062281	0.391854311337122
76	0.230739244768085	-0.0415224521617847	-0.0365118543572713	0.0532405990761462	0.0017241140335277	0.00133311550860659	0.237271634668539	98.9918480984754	-8.99184809847543	100.201421316323	-10.2014213163231	0.367887826479727	-0.0662028892885598	-0.0582140535033024	0.378302988948563
77	0.222048469948155	-0.0398730394489155	-0.0338090591678796	0.0493055230063167	0.00158985927489477	0.00114305248181718	0.228119343246093	98.6573522082753	-8.65735220827528	100.180056872748	-10.1800568727482	0.354031361524482	-0.0635730858560515	-0.0539047499487876	0.36371068757349
78	0.212736493401199	-0.0382868752402761	-0.0310622677555635	0.0452568156246384	0.00146588481566447	0.00096486447811832	0.218374826659167	98.3072176644991	-8.30721766449911	100.202488403612	-10.2024884036123	0.339184460142218	-0.0610441250642157	-0.0495252993551714	0.348174149647906
79	0.202884974209713	-0.0367603160745561	-0.0282831389462323	0.0411623127600759	0.00135132083790127	0.000799935948651882	0.208119123452481	97.9361606905682	-7.93616069056819	100.269889440383	-10.2698894403829	0.32347731857416	-0.058610197822953	-0.0450942904117224	0.331822582035206
80	0.192577687252571	-0.0353046721442624	-0.0254787461454506	0.037086165627549	0.00124641987521386	0.000649166505144314	0.197437970025796	97.5366740140118	-7.53667401401181	100.388501696778	-10.3885016967781	0.30704350646137	-0.0562893369647041	-0.0406230008696598	0.314792681801333
81	0.181902430858181	-0.0339497887187711	-0.0226583992246433	0.0330884943521153	0.0011525881540492	0.000513403055423316	0.186425549648078	97.1003888734698	-7.10038887346978	100.571900571038	-10.571900571038	0.290023008383579	-0.05412912742151	-0.0361262742739848	0.297234613597062
82	0.170975194916835	-0.0327021599452279	-0.0198371569953658	0.0292325172768497	0.00106943126508327	0.00039351279765879	0.175201202449046	96.6180719131644	-6.61807191316444	100.82809516613	-10.8280951661304	0.272600757201586	-0.0521399233820598	-0.031628120209448	0.279338651863913
83	0.159926397777071	-0.031554919345011	-0.017029773422779	0.0255764527059499	0.000995712934870149	0.00029001318283119	0.16389685422134	96.078240200745	-6.07824020074497	101.161603810535	-11.1616038105352	0.25498469033334	-0.050310777016918	-0.027152062217441	0.261315137470249
84	0.148876266174411	-0.0305193036249616	-0.0142559821768106	0.0221641426300341	0.000931427893752594	0.000203233027825541	0.152639456077425	95.4698087154622	-5.46980871546216	101.585003997189	-11.5850039971891	0.237366495813793	-0.0486596039938801	-0.0227295634196598	0.243366479715282
85	0.137945985718685	-0.0296024499285381	-0.0115409566421532	0.0190290949758996	0.000876305041771605	0.00013319368021606	0.141557739802129	94.7823918481293	-4.78239184812932	102.111671435734	-12.1116714357343	0.219939390495352	-0.0471977836870824	-0.0184007599524126	0.225697926980436
86	0.12726939378807	-0.0287894680560996	-0.00890971771190359	0.0161974985951828	0.000828833470953179	7.93830697058085e-05	0.130788818848714	94.0045582843119	-4.00455828431194	102.746293047805	-12.7462930478047	0.202916763054959	-0.0459015753445466	-0.0142055448212749	0.208528091276649
87	0.11696026373774	-0.028076264543141	-0.00638287612228834	0.0136797032936017	0.000788276630696437	4.07411075924786e-05	0.12045215245852	93.1237057987947	-3.12370579879467	103.498420352471	-13.4984203524709	0.186480012336958	-0.0447644523965896	-0.0101767795317097	0.192047436955549
88	0.10710329645927	-0.0274729610219753	-0.00397818314160636	0.0114711161124423	0.000754763587314974	1.5825941108161e-05	0.110642241665945	92.1271835409756	-2.12718354097562	104.386703815592	-14.3867038155924	0.170764184405724	-0.0438025526498331	-0.00634276648853055	0.176406635309224
89	0.0977834025389872	-0.0269614944821445	-0.00170706175298634	0.00956159381210161	0.000726922184710708	2.9140598285088e-06	0.10144668578441	91.0001441648252	-1.00014416482517	105.414953268009	-15.414953268009	0.155904659660375	-0.0429870766615824	-0.00272171835616444	0.161745353610348
90	0.0890854684301905	-0.0265042809678992	0.000424205670578555	0.00793622068542647	0.000702476909625344	1.79950450951002e-07	0.0929455622690119	89.7271719922776	0.272828007722438	106.568541729492	-16.5685417294925	0.142036780022625	-0.0422581010330025	0.000676348326815298	0.148191266372787
91	0.0810620822961097	-0.0260876716921219	0.00239845588763859	0.00657106118618126	0.000680566614315938	5.75259064494822e-06	0.0851902599546577	88.3052332813637	1.69476671863634	107.839388127166	-17.8393881271658	0.129244391415991	-0.0415938643050413	0.00382406869840336	0.135826307325666
92	0.0737391869125964	-0.0257008821264804	0.00419464811187927	0.00543746768653083	0.00066053534207924	1.75950727824923e-05	0.0782022896173287	86.7442426210983	3.25575737890175	109.215368915264	-19.2153689152636	0.117568856684624	-0.0409771717577812	0.0066878955865422	0.124684772986812
93	0.0671452954157969	-0.0253026192588589	0.00580402390272954	0.00450849069647464	0.000640222541358777	3.36866934634558e-05	0.071988887554239	85.0596460682161	4.94035393178395	110.648106745826	-20.6481067458257	0.107055636823656	-0.0403421863183337	0.00925386464083154	0.114778200819896
94	0.0613054833167762	-0.0248618304501042	0.00722825763387264	0.00375836228470353	0.000618110613329728	5.22477084216381e-05	0.066548633392842	83.2755545331943	6.72444546680566	112.07452622306	-22.0745262230599	0.0977447119208804	-0.0396393980390692	0.0115246454621694	0.106104326200322
95	0.0562234978079182	-0.0243767461331496	0.00846819802425221	0.00316108170575698	0.000594225752040024	7.1710377777949e-05	0.061862895467113	81.434680419779	8.565319580221	113.440043068482	-23.440043068482	0.0896420564539512	-0.0388659855439247	0.013501591237647	0.0986334430279226
96	0.0519041758774255	-0.0238377247515828	0.00953139517119238	0.00269404347351472	0.000568237121332223	9.08474939094294e-05	0.0579062007798506	79.5944509813773	10.4055490186227	114.667620391249	-24.6676203912494	0.0827553824576299	-0.0380065764534165	0.0151967397499878	0.0923249374678741
97	0.0483565423970909	-0.0232204445678826	0.0104348425572057	0.00233835519260165	0.000539189045930108	0.000108885939193671	0.0546482403900201	77.8228808681457	12.1771191318543	115.649965005338	-25.6499650053383	0.0770990790769944	-0.0370223924870577	0.0166371851996264	0.0871304853157209
98	0.0455651623136781	-0.0225228421910081	0.0111974749178625	0.00207618401667183	0.000507278420361055	0.00012538344453616	0.0520465741578545	76.1933619819704	13.8066380180296	116.303169466267	-26.3031694662668	0.0726485368521653	-0.0359101437994389	0.0178531168971022	0.0829824205322935
99	0.0434899170264243	-0.0217587828440564	0.01183549136584	0.00189137288296527	0.000473444630854803	0.000140078855870873	0.0500489397459222	74.7760264353772	15.2239735646228	116.579619613159	-26.579619613159	0.0693397911773347	-0.0346919369324879	0.0188703625093112	0.0797974166867381
100	0.0420911373809869	-0.0209222317487826	0.012366516406108	0.00177166384602511	0.000437739781349767	0.000152930728022538	0.0486038512403844	73.6270361756472	16.3729638243528	116.430581714673	-26.4305817146734	0.0671095940385633	-0.0333581501096661	0.0197170223311671	0.07749338526847
