"PercentStance"	"InterpV.N"	"InterpML.N"	"InterpHz.N"	"SquaredV.N"	"SquaredML.N"	"SquaredHz.N"	"NetGRF.N"	"APAngle"	"APAngle.Convert"	"MLAngle"	"MLAngle.Convert"	"InterpV.BW"	"InterpML.BW"	"InterpHz.BW"	"NetGRF.BW"
0	0.0143930452416971	-0.00565989440085589	-0.0135199500655325	0.00020715975132954	3.20344046288399e-05	0.000182789049774492	0.0205422298140409	133.208420012019	-43.2084200120194	111.466644969395	-21.4666449693951	0.0267032379252265	-0.0105007317270054	-0.0250833952978339	0.0381117436253078
1	0.01683856851765	-0.00718039235521474	-0.0132151354867506	0.000283537389723594	5.15580343748263e-05	0.000174639805933175	0.0225773167146053	128.125300725953	-38.1253007259529	113.094628453973	-23.0946284539727	0.0312403868602041	-0.0133216926812889	-0.0245178765987952	0.0418874150549263
2	0.0194672036047232	-0.00872251618688231	-0.012731815293778	0.000378972016187748	7.60822886304239e-05	0.000162099120674879	0.02484257284367	123.185230612137	-33.1852306121374	114.135342987718	-24.1353429877185	0.0361172608621952	-0.0161827758569245	-0.0236211786526494	0.0460901165930798
3	0.0222373548186373	-0.0102649452863857	-0.0120082422064744	0.000494499949329972	0.000105369101732492	0.000144197880889353	0.0272775902885834	118.369187138697	-28.3691871386968	114.778434419717	-24.7784344197168	0.0412566879752083	-0.0190444253921813	-0.0222787424980972	0.0506077741903216
4	0.0250731567970688	-0.0117930277085986	-0.0110099361365841	0.000628663191770397	0.000139075502535774	0.00012121869373166	0.0298153884435174	113.706877524021	-23.7068775240213	115.189701276877	-25.1897012768771	0.0465179161355636	-0.0218794577153963	-0.0204265976560002	0.0553161195612568
5	0.0279056524108096	-0.0132722329511778	-0.00972027216516258	0.000778725436472924	0.00017615216751033	9.44836909648344e-05	0.0323938465599269	109.204570095029	-19.2045700950291	115.436270655981	-25.4362706559809	0.0517730100386078	-0.0246238088148011	-0.0180339001208953	0.0600999008532967
6	0.0306638163632025	-0.0146680702203628	-0.00813896704935646	0.000940269633956205	0.000215152283989494	6.62427846305102e-05	0.0349523204176233	104.865018726818	-14.8650187268177	115.564172362556	-25.5641723625556	0.0568901973343275	-0.0272134883494672	-0.0151001243958376	0.0648466055985591
7	0.0332593234263852	-0.0159681514783771	-0.00629711895833699	0.0011061825947809	0.000254981861636397	3.96537071754471e-05	0.0374275054417569	100.721130183016	-10.7211301830157	115.646152742731	-25.6461527427311	0.06170560932539	-0.0296255129468963	-0.0116829665275269	0.0694387856062279
8	0.0356464764546195	-0.0171654154664909	-0.0042492813391316	0.00127067128362974	0.000294651488137245	1.8056391899092e-05	0.0397916971699635	96.7979339912482	-6.79793399124823	115.7129511489	-25.7129511489004	0.0661344646653423	-0.0318467819415416	-0.00788363884811057	0.0738250411316577
9	0.0378310161235168	-0.0182560306311063	-0.00206956622805012	0.00143118578093779	0.000333282654403891	4.2831043722856e-06	0.0420565279084468	93.1312754890462	-3.13127548904616	115.760460696148	-25.760460696148	0.0701874139582872	-0.0338701866996406	-0.00383964049731006	0.0780269534479533
10	0.0398237757502192	-0.0192666543523178	0.000150874599105967	0.00158593311500375	0.000371203969931686	2.27631446553863e-08	0.0442397993675388	89.7829327771288	0.217067222871194	115.81759412404	-25.8175941240404	0.0738845561228556	-0.0357451843271202	0.000279915768285653	0.0820775498470108
11	0.041651551447721	-0.020236741358697	0.0023169369853885	0.00173485173800215	0.000409525700818798	5.36819699426115e-06	0.046365349516802	86.8161080429928	3.18389195700722	115.913172142299	-25.9131721422988	0.0772756056543989	-0.0375449746914601	0.00429858438847588	0.0860210566174433
12	0.0433845316529908	-0.0211927335877942	0.00434519984023766	0.00188221758674936	0.00044913195692322	1.88807616516014e-05	0.0484791739340119	84.2805852202641	5.71941477973589	116.03485859242	-26.0348585924202	0.0804907822875525	-0.0393186151907128	0.00806159525090475	0.0899428087829535
13	0.0450982814107737	-0.0221716013282263	0.00616366678237077	0.00203385498620534	0.000491579905457806	3.79907882041008e-05	0.0506302842167338	82.2174962041562	7.78250379584377	116.180047337229	-26.1800473372287	0.0836702809105263	-0.0411346963417928	0.0114353743643242	0.0939337369512686
14	0.0468533058647591	-0.0232196186476287	0.00771108899435592	0.00219523227045667	0.000539150690141307	5.9460893478877e-05	0.0528568241013103	80.6540763638107	9.34592363618934	116.362151603454	-26.3621516034537	0.0869263559643026	-0.0430790698471775	0.0143062875591019	0.0980646087222825
15	0.0487266984999686	-0.0243619023038955	0.00894540650312173	0.00237429114670684	0.000593502283864549	8.00202975060925e-05	0.0552070079616482	79.59728831646	10.40271168354	116.563690035998	-26.5636900359975	0.0904020380333369	-0.0451983345155761	0.0165963014900218	0.102424875624579
16	0.0507962756822654	-0.0256095909173	0.00984266090741154	0.00258026162318871	0.000655851146951455	9.68779737382874e-05	0.0577320599310162	79.0338439216461	10.9661560783539	116.75554048761	-26.75554048761	0.0942416988539247	-0.0475131556907236	0.0182609664330455	0.107109573155874
17	0.0531054197765255	-0.026978736740319	0.010386262736334	0.00282018560964099	0.000727852236103438	0.00010787445362816	0.0604641406072441	78.9338792699887	11.0661207300113	116.931584479144	-26.9315844791437	0.098525825188359	-0.0500533149171039	0.0192695041490427	0.112178368473551
18	0.0556901960955034	-0.028468384623021	0.0105722344413834	0.00310139794115562	0.000810448923044259	0.000111772141083573	0.0634320030054503	79.2508735245115	10.7491264754885	117.075756314888	-27.075756314888	0.103321328563086	-0.0528170401169221	0.0196145351417132	0.117684606689147
19	0.0585900733943453	-0.0300503343414686	0.0104094613628588	0.00343279670035477	0.000903022594034047	0.00010835688586485	0.0666646546548744	79.92561279832	10.07438720168	117.152889354863	-27.1528893548633	0.108701434868915	-0.0557520117652479	0.0193125442724653	0.123682105111084
20	0.0618044062943235	-0.0316953114289387	0.00990995074749028	0.00381978463739381	0.00100459276657741	9.82071238176832e-05	0.0701611326005283	80.8905198729568	9.10948012704324	117.150227874721	-27.1502278747211	0.114664946742715	-0.058803917307864	0.0183858084369022	0.130169077180943
21	0.0653150301206373	-0.0333751276846929	0.00908070870293767	0.00426605315965976	0.00111389914796955	8.24592705476079e-05	0.0739081293104955	82.0849397562581	7.91506024374186	117.066439281784	-27.0664392817842	0.121178163489123	-0.0619204595263319	0.0168473259794762	0.137120833600177
22	0.0691305331515331	-0.035044207345157	0.00793521613628076	0.00477903061381522	0.00122809646845036	6.29676551294905e-05	0.0779108127116837	83.4519061668956	6.5480938331044	116.88172942597	-26.8817294259705	0.128257018834013	-0.0650170822730186	0.014722107859519	0.144546962359339
23	0.07325581504926	-0.0366632418635247	0.00648461859957885	0.00536641443853139	0.00134419330394331	4.2050278382004e-05	0.0821745582334137	84.9413521587409	5.05864784125906	116.587155828971	-26.5871558289707	0.135910603059852	-0.0680208568896562	0.0120308322812224	0.152457436425628
24	0.0776746000162663	-0.0382093000146135	0.00473232128886021	0.00603334348768696	0.00145995060760674	2.23948647809996e-05	0.0866930733108171	86.513566818954	3.48643318104597	116.193264413505	-26.193264413505	0.144108719881756	-0.0708892393592087	0.00877981686244937	0.160840581281664
25	0.0823915751480351	-0.0396501595300399	0.00268823491617383	0.00678837165537432	0.00157213515075761	7.22660696453612e-06	0.0914753158677054	88.1312422575068	1.86875774249323	115.698742109381	-25.6987421093813	0.152860065209713	-0.0735624481076807	0.00498744882407018	0.169713016452144
26	0.0874258900782952	-0.0409538899030169	0.000368299117900798	0.00764328625598215	0.00167722109818843	1.35644240246506e-07	0.096543477244249	89.7586314511034	0.241368548896645	115.100328067424	-25.1003280674237	0.162200167121141	-0.0759812428627401	0.000683300775326156	0.179115913254636
27	0.0927643704562121	-0.0421125429879094	-0.00220651288209237	0.00860522842613736	0.00177346627690852	4.86869909883958e-06	0.101899771354722	91.3625925578179	-1.36259255781786	114.416777999347	-24.4167779993474	0.172104583406701	-0.0781308775285889	-0.00409371592224929	0.189053379136776
28	0.0983862460317094	-0.0431208509819717	-0.0050059945740313	0.00967985340821205	0.00185940778940941	2.50599816752308e-05	0.107537533816322	92.9127570207018	-2.91275702070183	113.666939950004	-23.666939950004	0.182534779279609	-0.080001578816274	-0.00928755950655158	0.19951304975199
29	0.104284370187432	-0.0439635611116016	-0.00798789090314009	0.0108752298653894	0.00193279470561353	6.38064010804682e-05	0.113454091914234	94.3801434304679	-4.3801434304679	112.859014871289	-22.859014871289	0.193477495709521	-0.0815650484445299	-0.0148198346997033	0.210489966445702
30	0.110439933951999	-0.0446407705413803	-0.0111095277618153	0.0121969790113219	0.00199279839452817	0.000123421607090545	0.119637782547741	95.7442534901717	-5.74425349017166	112.008982110558	-22.0089821105576	0.204897836645638	-0.0828214666815961	-0.0206113687603252	0.221962490812136
31	0.116828743805766	-0.0451593662664392	-0.014328258141705	0.0136489553792333	0.00203936836158641	0.000205298981375336	0.126069912041673	96.9920242279186	-6.99202422791865	111.133674703616	-21.1336747036159	0.216750916151699	-0.0837836108839317	-0.0265830392239425	0.233895940708112
32	0.123447571538414	-0.0455071087046719	-0.0175985448541825	0.0152393029187318	0.00207089694265883	0.000309708780984673	0.13274000392638	98.1133530159603	-8.11335301596033	110.235657330731	-20.235657330731	0.229030744969228	-0.084428773106998	-0.0326503615105427	0.246270879269721
33	0.130283978770274	-0.045665482652171	-0.020874724635068	0.0169739151242132	0.00208533630585573	0.000435754128589915	0.139624516323813	99.1028351544241	-9.10283515442407	109.315935074433	-19.3159350744328	0.241714246327039	-0.0847226023231373	-0.0387286171337069	0.259043629543253
34	0.137297433478345	-0.0456244536013716	-0.0241105669269381	0.0188505852397406	0.00208159076642371	0.000581319437538361	0.146674794847999	99.9600585822777	-9.96005858227767	108.381841330644	-18.3818413306445	0.254726221666688	-0.0846464816351978	-0.044732035114913	0.272123923651204
35	0.144449449645939	-0.0453635799686533	-0.0272639851270409	0.0208656435030147	0.0020578543875724	0.000743324885007507	0.153840250830511	100.688501960437	-10.6885019604369	107.434618354382	-17.4346183543819	0.267995268359813	-0.0841624860271861	-0.0505825327032299	0.285417905065883
36	0.151697611794036	-0.0448542606429257	-0.0302930192811668	0.0230121654240141	0.00201190469782351	0.000917667017169143	0.161064388177544	101.29304293344	-11.2930429334401	106.47200253473	-16.4720025347302	0.281442693495429	-0.0832175522132202	-0.0562022621171926	0.298820757286724
37	0.158962621704617	-0.044086949405841	-0.0331445819956048	0.0252691150992052	0.00194365910791318	0.00109856331566337	0.168259732327083	101.777743068166	-11.7777430681657	105.500907961778	-15.5009079617776	0.294921376075356	-0.0817939692130631	-0.061492730975148	0.312170189846166
38	0.166154964183601	-0.0430670723146844	-0.035762718201647	0.0276074721228537	0.00185477271775826	0.00127897201317041	0.175331733732894	102.146865985688	-12.146865985688	104.531178444022	-14.5311784440223	0.308265239672729	-0.0799018039233477	-0.0663501265336679	0.325290786146371
39	0.173210525192139	-0.0418063865515673	-0.0380971236727316	0.0300018860373366	0.00174777395649907	0.00145139083213541	0.182211555138446	102.404518313503	-12.4045183135035	103.569480851132	-13.5694808511321	0.321355334308236	-0.0775628692978985	-0.070681119986515	0.338054833280977
40	0.180071784617752	-0.040346997143591	-0.0401052110449714	0.0324258476154221	0.00162788017850494	0.0016084279529617	0.188844263208838	102.555869031064	-12.5558690310636	102.62914459367	-12.6291445936704	0.334084943632193	-0.0748552822701132	-0.0744066995268486	0.350360414116582
41	0.186685840221088	-0.0387599819569688	-0.0417674197607693	0.0348516029390536	0.00150233620130455	0.0017445173534723	0.19518825910856	102.611162799226	-12.6111627992259	101.729191290253	-11.7291912902534	0.346355918777529	-0.071910912721649	-0.0774905746953048	0.362130350850761
42	0.193039696958787	-0.0371174840352639	-0.0430889653553719	0.0372643246019403	0.00137770762110807	0.00185665893539644	0.20124286610572	102.582891045802	-12.5828910458024	100.883942912809	-10.8839429128091	0.358144150201831	-0.0688636067444599	-0.0799424218095953	0.373363387951243
43	0.1991355705228	-0.0354952230702458	-0.0440902247644929	0.0396549754474411	0.00125991086080651	0.0019439479197835	0.207023752811196	102.484348407981	-12.4843484079811	100.106630198299	-10.1066301982994	0.369453748650835	-0.0658538461414579	-0.0818000459452558	0.384088595197024
44	0.204956393703349	-0.0339799841045544	-0.0448097300438301	0.0420071233198822	0.00115463931974577	0.00200791190660093	0.212531584820301	102.332555931063	-12.3325559310634	99.4135152361171	-9.41351523611706	0.380253049542391	-0.0630426421234775	-0.0831349351462525	0.394307207458815
45	0.210503331738974	-0.0326313918607718	-0.0453068273326489	0.0443116526732085	0.00106480773477124	0.00205270860295046	0.217782389120264	102.146526153299	-12.146526153299	98.8116301722075	-8.81163017220751	0.39054421472908	-0.0605406156971647	-0.0840571935670666	0.404048959406798
46	0.2158029138479	-0.0314701908081487	-0.0456650413452648	0.0465708976252442	0.000990372909501287	0.00208529600106474	0.222815094946034	101.947842932448	-11.9478429324476	98.2968674600293	-8.29686746002932	0.400376463539703	-0.0583862538184577	-0.0847217835719198	0.413386075966668
47	0.220862622220907	-0.0305074609373048	-0.0459855629885234	0.0487802978942951	0.000930705172841178	0.00211467200337145	0.227652531438831	101.761455667935	-11.761455667935	97.8644254473803	-7.86442544738031	0.409763677589809	-0.0566001130562241	-0.0853164433924367	0.422360911760353
48	0.225676176497642	-0.0297294837215404	-0.0463704461620771	0.0509297366385949	0.000883842202349336	0.00215021827727009	0.232301091513179	101.611152466199	-11.6111524661995	97.5046545935474	-7.50465459354743	0.418694205004902	-0.0551567415984052	-0.0860305123600688	0.430985327482707
49	0.230251804233533	-0.0290801287760318	-0.0469082604356117	0.0530158933527972	0.000845653889630593	0.00220038489709517	0.236774010692734	101.515053313357	-11.5150533133565	97.1981780655708	-7.19817806557083	0.427183310266295	-0.0539520014397621	-0.0870283124964967	0.439283878836241
50	0.234580807157359	-0.0284904234316358	-0.0476599567834661	0.055028155086598	0.000811704227313902	0.00227147148060186	0.241062918746359	101.484508337598	-11.4845083375978	96.9247995021473	-6.92479950214731	0.435214855579516	-0.0528579284445933	-0.0884229253867646	0.447241036635175
51	0.238624192627034	-0.0278971047225522	-0.0486614815635271	0.0569415053069038	0.000778248451901044	0.00236793978795749	0.245127912622701	101.526014762803	-11.5260147628033	96.668072909787	-6.66807290978696	0.442716498380397	-0.0517571516188352	-0.0902810418618313	0.454782769244343
52	0.242347079302663	-0.027226510522539	-0.0499189852844441	0.0587321068465312	0.000741282875233927	0.00249190509182855	0.248928292513313	101.639076880255	-11.6390768802551	96.4100232404228	-6.4100232404228	0.449623523752621	-0.0505130065353228	-0.0926140728839408	0.461833566815053
53	0.245710632343025	-0.0264187508387597	-0.051399097799245	0.0603737148464092	0.000697950395880466	0.00264186725457635	0.252415396711187	101.815074678545	-11.8150746785451	96.1368531722435	-6.13685317224348	0.455863881898006	-0.0490143800348046	-0.0953601072342208	0.468303147887175
54	0.248645435435158	-0.0254721217363273	-0.0530331321125946	0.0618245525627393	0.000648828985750278	0.00281251310167191	0.255511046043339	102.040100579971	-12.0401005799707	95.8491783971231	-5.84917839712307	0.461308785593985	-0.0472581108280655	-0.0983917107840345	0.474046467612875
55	0.251065133621356	-0.0244300681830332	-0.0547197735915312	0.0630337013203093	0.000596828231427651	0.00299425362190844	0.258117769968759	102.295364373099	-12.2953643730986	95.5577090455606	-5.55770904556057	0.465798021560957	-0.0453248018238093	-0.101520915754232	0.478882690109016
56	0.252855862722771	-0.0233147008051934	-0.056329250359068	0.0639360873132768	0.000543575273635686	0.00317298444601456	0.260101224589441	102.558831330187	-12.5588313301866	95.2680900839822	-5.26809008398217	0.469120339003286	-0.0432554745921955	-0.10450695799456	0.48256256881158
57	0.253890884464128	-0.0221427258799972	-0.0577479760003983	0.0644605812139772	0.000490300309396698	0.00333482873214258	0.261315346383477	102.814029873326	-12.8140298733262	94.9843566387362	-4.98435663873616	0.471040601974263	-0.0410811240816275	-0.107139102041555	0.484815113884001
58	0.254100287253507	-0.020954257912291	-0.0588844526771525	0.0645669559823148	0.00043908092465481	0.00346737876708781	0.261674254893479	103.047254186846	-13.0472541868457	94.7142020478257	-4.71420204782572	0.471429104366432	-0.0388761742343061	-0.109247593093047	0.485480992381222
59	0.25351267528259	-0.0197805409547802	-0.0596859638552406	0.0642686765289359	0.000391269800463737	0.00356241428132909	0.261194105237329	103.248212550527	-13.2482125505272	94.4615123752553	-4.46151237525531	0.470338915181058	-0.036698591752839	-0.110734626818628	0.484590176692632
60	0.25221441250027	-0.0186416815051217	-0.0601395550701563	0.0636121098728563	0.000347512289338397	0.00361676608403636	0.259954588815491	103.411523262608	-13.4115232626083	94.2271614283859	-4.2271614283859	0.46793026437898	-0.0345856799723965	-0.111576168961329	0.482290517282915
61	0.250310613629445	-0.0175644192534761	-0.0602689369691895	0.0626554032955493	0.000308508823711882	0.00363234476339614	0.258062505766834	103.537798055094	-13.537798055094	94.0138937430582	-4.01389374305819	0.46439816999897	-0.0325870487077479	-0.111816209590333	0.478780159122141
62	0.247936014835822	-0.0165593267458755	-0.0601283895298777	0.0614722674526689	0.000274211302276668	0.00361542322745671	0.255659738680932	103.631946934126	-13.6319469341262	93.8210364402909	-3.82103644029092	0.459992606374438	-0.0307223130721252	-0.111555453673242	0.474322335215087
63	0.245221859648735	-0.0156183644745661	-0.0597848106062754	0.0601337604495839	0.000243933308860388	0.00357422357922822	0.252887163252057	103.701359620502	-13.7013596205024	93.6442888620419	-3.64428886204192	0.454957067993942	-0.0289765574667275	-0.110918015967116	0.469178410486191
64	0.242247507300487	-0.0147515544010237	-0.0592970343022466	0.0586838547932995	0.000217608357246362	0.00351613827704181	0.249835148503143	103.754339489564	-13.7543394895639	93.4846980480124	-3.48469804801238	0.449438789054707	-0.0273683755121033	-0.110013050653519	0.463516045460377
65	0.239053395498311	-0.0139752778808535	-0.058708856317191	0.0571465258992719	0.000195308391847073	0.00344672981007258	0.246553369681275	103.798126256428	-13.7981262564278	93.3457550289134	-3.34575502891336	0.443512793132302	-0.02592815933368	-0.108921811349148	0.457427402006076
66	0.23565531176439	-0.0132987682295941	-0.058046435318082	0.0555334259627718	0.000176857236424461	0.00336938865313628	0.243063102613977	103.837585159269	-13.8375851592695	93.2299546068001	-3.22995460680006	0.43720837062039	-0.024673039387002	-0.107692829903677	0.450951952901627
67	0.23202091174493	-0.0127518607223196	-0.0573101225488807	0.0538337034869486	0.000162609951881437	0.00328445014656772	0.239334000061416	103.874576120114	-13.8745761201136	93.1458090611002	-3.14580906110017	0.430465513441429	-0.0236583686870494	-0.10632675797566	0.444033395290196
68	0.228099377848748	-0.0123810527301996	-0.0564782979642513	0.0520293261749859	0.000153290466707983	0.00318979814093875	0.235313439443294	103.906960626136	-13.9069606261359	93.1069204788775	-3.10692047887746	0.423189940350182	-0.0229704132285707	-0.104783484163732	0.436574099152678
69	0.223872746335408	-0.012219553713217	-0.0555200715939835	0.0501190065517579	0.000149317492950195	0.00308247834980105	0.230977926206184	103.92825285282	-13.9282528528198	93.1242516948525	-3.12425169485248	0.415348323442315	-0.0226707861098646	-0.103005698690136	0.428530475336148
70	0.21934446140927	-0.0122999263651949	-0.0543982032631184	0.0481119927509227	0.000151288188589217	0.00295916451825555	0.226323762468212	103.928533101335	-13.9285331013352	93.2095480158597	-3.20954801585968	0.406947052707365	-0.0228199004920128	-0.100924310321184	0.41989566320633
71	0.214530386766327	-0.0126637971419983	-0.0530698101653799	0.0460232868461098	0.000160371758053684	0.00281640475098946	0.221359579316444	103.894691523395	-13.8946915233954	93.3782678286361	-3.37826782863607	0.398015559863315	-0.0234949854211471	-0.0984597591194432	0.41068567591177
72	0.209501851922518	-0.0133367809529732	-0.051494903389193	0.0438910259589647	0.000177869726187589	0.00265172507506232	0.216149533333326	103.809365656021	-13.8093656560211	93.6425049290319	-3.64250492903194	0.38868618167443	-0.0247435639201729	-0.0955378541543469	0.401019542362386
73	0.204375043060556	-0.0143253554539106	-0.0496389367657066	0.0417691582260041	0.000205215808880886	0.00246402404322982	0.210804169973259	103.651742190426	-13.651742190426	94.0095020905631	-4.00950209056306	0.379174476921254	-0.0265776539033592	-0.0920945023482497	0.391102356165602
74	0.199253720320727	-0.0156362446977015	-0.047473472662382	0.0397020450616505	0.000244492148246398	0.00225373060662593	0.205427037695925	103.40123556407	-13.4012355640699	94.4870357997261	-4.4870357997261	0.369672950502276	-0.0290097304224518	-0.0880769437149944	0.381126229491511
75	0.194235261482646	-0.0172550189167414	-0.0449718944090555	0.0377273368032319	0.000297735677817104	0.00202247128673924	0.200118824121541	103.036164014929	-13.0361640149286	95.076582334346	-5.07658233434596	0.36036226620157	-0.0320130221089822	-0.0834357966772829	0.371277966830317
76	0.189429748531932	-0.0191294636901052	-0.0421127372774694	0.035883629628871	0.000365936381071053	0.00177348264100116	0.194994996476687	102.533776023487	-12.5337760234871	95.7664354569758	-5.76643545697584	0.351446657758686	-0.0354906561968557	-0.0781312379915944	0.361771793092184
77	0.184926549422433	-0.0211992080672986	-0.0388933651335111	0.0341978286812876	0.000449406422680618	0.00151269385140862	0.190157642379624	101.877223484841	-11.8772234848407	96.5396023626116	-6.5396023626116	0.343091928427519	-0.0393306272120568	-0.0721583768710781	0.352797110166277
78	0.180806235020409	-0.0234174102533384	-0.0353422034587538	0.0326908946222554	0.000548375102973158	0.00124907134531995	0.185710368775005	101.060151917293	-11.0601519172931	97.379674411184	-7.37967441118396	0.335447560334711	-0.0434460301546167	-0.0655699507583558	0.344546138729138
79	0.177171394789153	-0.0257245291081855	-0.0315093752351528	0.0313897031315339	0.000661751397837883	0.000992840727709661	0.18178089904355	100.084434481444	-10.0844344814437	98.2613702138356	-8.2613702138356	0.328703886436276	-0.0477263990875427	-0.0584589521987992	0.337255842381355
80	0.174128630964075	-0.0280596274159356	-0.0274701769482336	0.030320780121423	0.000787342690721125	0.000754610621567265	0.178501354150918	98.9649801325771	-8.96498013257713	99.1541255056246	-9.15412550562461	0.323058684534462	-0.052058677951643	-0.0509650778260364	0.331171343508196
81	0.171759596186526	-0.030385686015729	-0.0233084574876755	0.0295013588821585	0.000923289914646469	0.000543284190454776	0.175977080857877	97.7280561132824	-7.72805611328242	100.032295662951	-10.0322956629506	0.318663443759789	-0.0563741855579388	-0.0432438914428117	0.326488090645412
82	0.170149920258983	-0.0326731699581438	-0.0191155213304621	0.0289509953641383	0.00106753603511375	0.000365403155735351	0.174309880830053	96.4100262172567	-6.41002621725666	100.869949514635	-10.869949514635	0.315677032020377	-0.0606181260818994	-0.0354647891103193	0.323394955157798
83	0.169385127946111	-0.0348909707521299	-0.0149860690308893	0.0286913215693204	0.00121737984002598	0.000224582264998579	0.173589411181515	95.0559847861168	-5.05598478611677	101.639332814994	-11.639332814994	0.314258122349	-0.0647327843267716	-0.0278034675897761	0.32205827677461
84	0.169510218164359	-0.0370290450061973	-0.0110079744034588	0.0287337140621286	0.00137115017407099	0.000121175500467204	0.173856376750083	93.7155642260443	-3.71556422604429	102.322533368268	-12.3225333682682	0.314490200675991	-0.0686995269131675	-0.020422958076918	0.322553574675479
85	0.170545179064672	-0.0390886680995186	-0.0072592970017395	0.029085658102201	0.00152792397379432	5.26973929594641e-05	0.17511790162332	92.4373375032222	-2.43733750322217	102.909131632607	-12.9091316326069	0.316410350769336	-0.0725207200362126	-0.0134680834911679	0.324894066091503
86	0.172510638510435	-0.041059689464035	-0.00380938067756899	0.029759920399278	0.00168589809888299	1.4511381146636e-05	0.177370600380411	91.2650000707158	-1.26500007071581	103.388011798122	-13.3880117981221	0.32005684324756	-0.0761775314731633	-0.0070674966188664	0.329073470093528
87	0.17539836105457	-0.0429392335378473	-0.000705577603660279	0.0307645850606293	0.00184377777681779	4.97839754786982e-07	0.180579236561687	90.2304833437633	-0.230483343763254	103.756018387664	-13.7560183876636	0.32541439898807	-0.0796646262297724	-0.00130904935744022	0.335026412915932
88	0.1791583341505	-0.0447386998615458	0.00203278787486468	0.0320977086955822	0.00200155126530148	4.13222654419686e-06	0.184671037760196	89.3499316192595	0.650068380740464	104.020926804449	-14.0209268044486	0.332390230334879	-0.0830031537319959	0.00377140607581573	0.342617880816691
89	0.183730643297813	-0.0464497908183333	0.00440884617369538	0.0337569492866282	0.00215758306706692	1.94379245833084e-05	0.189562576154362	88.6253800408121	1.37461995918787	104.187921711275	-14.1879217112753	0.340873178660135	-0.086177719514533	0.00817967750221777	0.351693091195477
90	0.189034958064057	-0.0480441780896166	0.00645449965780916	0.0357342153702798	0.0023082430483068	4.16605658326586e-05	0.195151528265651	88.0444253402883	1.95557465971169	104.260083215068	-14.2600832150684	0.350714207911052	-0.0891357664000308	0.0119749529829483	0.362062204574492
91	0.194939443081183	-0.0494966892386354	0.00823816462750357	0.0380013864688018	0.00244992224558605	6.7867356429851e-05	0.201293755667725	87.5801132610802	2.41988673891979	104.246790948798	-14.2467909487977	0.361668725568057	-0.091830592279472	0.0152841644295057	0.373457802723052
92	0.201290747950341	-0.0507681254502179	0.00984748005089941	0.0405179652104077	0.00257740256172906	9.69728633528619e-05	0.207827670524138	87.1992276050007	2.80077239499931	104.155513379082	-14.1555133790816	0.373452222542377	-0.0941894720783263	0.0182699073300546	0.385580093736805
93	0.207925301725561	-0.0517947092005383	0.0113694479698964	0.0432329310976656	0.00268269190116833	0.000129264347140181	0.21458072454434	86.8701581695202	3.12984183047985	103.987834325666	-13.9878343256664	0.385761227691208	-0.0960940801494217	0.021093595491459	0.398108950917144
94	0.214636893867474	-0.0525263242522873	0.0128785330726131	0.0460689962090773	0.00275901473945643	0.000165856614102389	0.22134558401431	86.5662846710686	3.43371532893141	103.751261938554	-13.751261938554	0.398213161164145	-0.0974514364606443	0.0238933823239575	0.410659710601689
95	0.221198380365227	-0.0529299763499351	0.0144362626752254	0.0489287234761996	0.00280158239640469	0.000208405680028106	0.227900661588843	86.265951168107	3.73404883189299	103.457119537901	-13.457119537901	0.410386605501349	-0.0982003271798425	0.0267834186924404	0.422821264543308
96	0.227423030733644	-0.0529731725969535	0.0160985308216919	0.051721234908076	0.00280615701498663	0.000259162694616964	0.234065278539299	85.9509734787761	4.04902652122389	103.111991002816	-13.111991002816	0.421935121954813	-0.0982804686399879	0.0298674041218774	0.43425840174267
97	0.233155464393354	-0.0526513399070588	0.0179201210023843	0.0543614705764806	0.00277216359400864	0.000321130736740095	0.239697235919043	85.6049382563948	4.3950617436052	102.725134724092	-12.725134724092	0.432570434867076	-0.097683376450944	0.0332469777409727	0.444707302261675
98	0.238256197592146	-0.0519956871917408	0.0199550733190266	0.0567660156910677	0.00270355148654136	0.000398204951167727	0.244678916396115	85.2123838397204	4.7876161602796	102.310889047506	-12.3108890475058	0.442033761766505	-0.0964669521182575	0.0370223994787135	0.453949752126372
99	0.242638545360003	-0.0510280107971511	0.0222309765664847	0.0588734636944182	0.00260385788591417	0.000494216319099592	0.248940832125692	84.765074061931	5.23492593806898	101.876495190672	-11.8764951906717	0.450164277105757	-0.0946716341320057	0.041244854483274	0.461856831402026
100	0.24625367151234	-0.0497436262830613	0.0247148614621925	0.0606408707333075	0.00247442835578887	0.000610824377095368	0.25244033644842	84.2687911510245	5.73120884897548	101.420160152446	-11.4201601524459	0.456871375718627	-0.0922887315084625	0.0458531752545315	0.468349418271652
